3CRR name 178-MHz flux Sp. index 5-GHz core flux `Best' radio map RA           DEC          
--------------------------------------------------------------------------------------------
4C12.03   10.9         0.87      3.5             [601]            00 07 18.250 +12 27 23.10 
3C6.1     14.9         0.68      4.4             [530]            00 13 34.360 +79 00 11.10 
3C9       19.4         1.12      4.9             [504]            00 17 49.944 +15 24 16.21 
3C13      13.1         0.93      0.36            [503,537]        00 31 33.150 +39 07 36.10 
3C14      11.3         0.81      10.6            [527]            00 33 29.260 +18 21 28.10 
3C16      12.2         0.94      0.26            [533,601]        00 35 09.160 +13 03 39.60 
3C19      13.2         0.63      0.47            [533]            00 38 13.800 +32 53 39.70 
3C20      46.8         0.66      2.6             [605,505,522]    00 40 20.080 +51 47 10.20 
3C22      13.2         0.78      7.83            [528]            00 48 04.710 +50 55 45.40 
3C28      17.8         1.06      <0.2            [506]            00 53 09.120 +26 08 23.40 
3C31      18.3         0.57      92              [606]            01 04 39.100 +32 08 43.30 
3C33      59.3         0.76      24              [601]            01 06 14.540 +13 04 14.80 
3C33.1    14.2         0.62      12.3            [506]            01 06 06.480 +72 55 59.20 
3C34      13.0         1.06      1.03            [529,505]        01 07 32.510 +31 31 21.90 
3C35      11.4         0.77      11.3            [506]            01 09 04.940 +49 12 40.10 
3C41      11.6         0.51      0.64            [503,530]        01 23 54.740 +32 57 38.30 
3C42      13.1         0.73      2.4             [601,505]        01 25 42.680 +28 47 30.40 
3C43      12.6         0.75      <61             [531]            01 27 15.040 +23 22 51.50 
3C46      11.1         1.13      2.3             [506,533]        01 32 34.090 +37 38 47.00 
3C47      28.8         0.98      73.6            [506,504]        01 33 40.425 +20 42 10.16 
3C48      60.0         0.59      896             [607]            01 34 49.823 +32 54 20.39 
3C49      11.2         0.65      7.0             [531]            01 38 28.410 +13 38 19.90 
3C55      23.4         1.04      5.32            [610,528]        01 54 19.500 +28 37 04.80 
3C61.1    34.0         0.77      2.4             [601]            02 10 37.100 +86 05 18.50 
3C65      16.6         0.75      0.52            [503]            02 20 37.240 +39 47 17.10 
3C66B     26.8         0.50      182             [76,608]         02 20 01.780 +42 45 54.60 
3C67      10.9         0.58      5.5             [510,609]        02 21 18.030 +27 36 37.20 
3C68.1    14.0         0.80      1.1             [505]            02 29 27.240 +34 10 34.10 
3C68.2    10.9         1.05      0.42            [503,610]        02 31 24.790 +31 21 11.50 
3C76.1    13.3         0.77      10              [601]            03 00 27.280 +16 14 36.10 
3C79      33.2         0.92      10              [140,522]        03 07 11.480 +16 54 36.90 
3C83.1B   29.0         0.62      40              [100]            03 14 56.920 +41 40 33.00 
3C84      66.8         0.78      59600           [512]            03 16 29.555 +41 19 52.08 
3C98      51.4         0.78      9.0             [613]            03 56 10.210 +10 17 31.70 
3C109     23.5         0.85      263             [614]            04 10 54.870 +11 04 41.40 
4C14.11   12.1         0.84      29.69           [601,522]        04 11 40.940 +14 08 48.30 
3C123     206.0        0.70      100             [522]            04 33 55.210 +29 34 12.60 
3C132     14.9         0.68      2.29            [506,522]        04 53 42.180 +22 44 43.90 
3C138     24.2         0.46      94              [39]             05 18 16.521 +16 35 26.60 
3C147     65.9         0.46      2500            [531,615]        05 38 43.529 +49 49 42.88 
3C153     16.7         0.66      <1.7            [506,522]        06 05 44.438 +48 04 48.80 
3C171     21.3         0.87      2.2             [522]            06 51 10.830 +54 12 47.60 
3C172     16.5         0.86      0.43            [533]            06 59 03.900 +25 18 12.00 
3C173.1   16.8         0.88      7.4             [601,522]        07 02 47.910 +74 54 16.60 
3C175     19.2         0.98      23.5            [504]            07 10 15.379 +11 51 23.95 
3C175.1   12.4         0.91      11              [530]            07 11 14.280 +14 41 33.90 
3C181     15.8         1.0       6               [617]            07 25 20.220 +14 43 46.60 
3C184     14.4         0.86      <0.2            [603]            07 33 59.010 +70 30 01.10 
3C184.1   14.2         0.68      6               [601,613]        07 34 25.050 +80 33 24.10 
3C186     15.4         1.15      15              [531]            07 40 56.752 +38 00 31.07 
DA240     23.2         0.77      105             [506]            07 44 34.960 +55 56 29.00 
3C190     16.4         0.93      73              [531]            07 58 45.04  +14 23 04.9  
3C191     14.2         0.98      42              [534]            08 02 03.760 +10 23 57.60 
3C192     23.0         0.79      8               [613]            08 02 35.500 +24 18 26.40 
3C196     74.3         0.79      7               [618]            08 09 59.400 +48 22 07.57 
3C200     12.3         0.84      35.1            [25]             08 24 21.430 +29 28 42.20 
4C14.27   11.2         1.15      <0.25           [601,533]        08 32 16.510 +14 22 12.10 
3C204     11.4         1.08      26.9            [504]            08 33 18.030 +65 24 04.44 
3C205     13.7         0.88      20              [535]            08 35 10.020 +58 04 51.44 
3C207     14.8         0.90      510             [519]            08 38 01.719 +13 23 05.57 
3C208     18.3         0.96      51.0            [504]            08 50 22.700 +14 04 16.90 
3C212     16.5         0.92      150             [507]            08 55 55.558 +14 21 24.33 
3C215     12.4         1.06      16.4            [504]            09 03 44.140 +16 58 16.10 
3C217     12.3         0.77      <0.6            [503]            09 05 41.420 +38 00 29.90 
3C216     22.0         0.84      1050            [620]            09 06 17.265 +43 05 58.56 
3C219     44.9         0.81      51              [621]            09 17 50.660 +45 51 43.90 
3C220.1   17.2         0.93      25              [25]             09 26 31.870 +79 19 45.40 
3C220.3   17.1         0.75      <0.17           [57]             09 31 10.500 +83 28 55.00 
3C223     16.0         0.74      9               [601]            09 36 50.870 +36 07 35.00 
3C225B    23.2         0.94      1.1             [533]            09 39 32.210 +13 59 33.30 
3C226     16.4         0.88      7.5             [503]            09 41 36.160 +10 00 03.80 
4C73.08   15.6         0.85      11              [506]            09 45 09.900 +73 28 22.20 
3C228     23.8         1.0       13.3            [529]            09 47 27.630 +14 34 02.50 
3C231     15.9         0.28      --              [529]            09 51 44.200 +69 55 00.03 
3C234     34.2         0.86      90              [522]            09 58 57.420 +29 01 37.40 
3C236     15.7         0.51      84              [623]            10 03 05.370 +35 08 48.10 
3C239     14.4         1.08      0.5             [503]            10 08 38.970 +46 43 08.40 
4C74.16   12.8         0.87      1.5             [71]             10 09 49.660 +74 52 29.80 
3C241     12.6         0.97      3               [38]             10 19 09.440 +22 14 40.70 
3C244.1   22.1         0.82      1.98            [506,505]        10 30 19.750 +58 30 05.20 
3C245     15.7         0.78      910             [626,527]        10 40 06.020 +12 19 15.90 
3C247     11.6         0.61      3.5             [503]            10 56 08.380 +43 17 30.60 
3C249.1   11.7         0.81      71              [504]            11 00 27.320 +77 15 08.62 
3C252     12.0         1.03      1.1             [505]            11 08 48.930 +35 57 00.10 
3C254     21.7         0.96      19              [80]             11 11 53.297 +40 53 41.55 
3C263     16.6         0.82      157             [504]            11 37 09.300 +66 04 27.04 
3C263.1   19.8         0.87      3.2             [530]            11 40 49.150 +22 23 34.90 
3C264     28.3         0.75      200             [627,515]        11 42 29.490 +19 53 02.70 
3C265     21.3         0.96      2.89            [503,610,528]    11 42 52.390 +31 50 29.10 
3C266     12.1         1.01      <0.17           [503]            11 43 04.270 +50 02 47.00 
3C267     15.9         0.93      3.0             [503,610]        11 47 22.110 +13 04 00.20 
3C268.1   23.3         0.59      2.0             [610]            11 57 48.120 +73 17 30.60 
3C268.3   11.7         0.50      1.0             [531]            12 03 54.280 +64 30 18.60 
3C268.4   11.2         0.80      50              [80]             12 06 42.059 +43 56 02.00 
3C270.1   14.8         0.75      190             [527]            12 18 03.894 +33 59 50.10 
3C272.1   21.1         0.60      180             [70]             12 22 31.450 +13 09 49.60 
A1552     12.5         0.94      27              [525]            12 27 02.280 +11 57 13.40 
3C274     1144.5       0.79      4e3             [630]            12 28 17.551 +12 40 01.80 
3C274.1   18.0         0.87      3.0             [533]            12 32 56.740 +21 37 05.80 
3C275.1   19.9         0.96      130             [533]            12 41 27.580 +16 39 18.00 
3C277.2   13.1         1.02      0.48            [503]            12 51 04.200 +15 58 51.20 
3C280     25.8         0.81      1.0             [80]             12 54 41.660 +47 36 32.70 
3C284     12.3         0.95      3.2             [629,522]        13 08 41.330 +27 44 02.60 
3C285     12.3         0.95      6               [632]            13 19 05.220 +42 50 55.70 
3C287     17.8         0.42      --              [39]             13 28 15.928 +25 24 37.40 
3C286     27.3         0.24      5554            [534,633]        13 28 49.651 +30 45 58.50 
3C288     20.6         0.85      30              [634]            13 36 38.590 +39 06 21.80 
3C289     13.1         0.81      10.6            [80]             13 43 27.380 +50 01 32.00 
3C292     11.0         0.80      1.0             [629]            13 49 13.180 +64 44 24.20 
3C293     13.8         0.45      100             [14]             13 50 03.200 +31 41 32.80 
3C294     11.2         1.07      0.53            [80]             14 04 34.000 +34 25 37.00 
3C295     91.0         0.63      3               [517]            14 09 33.440 +52 26 13.60 
3C296     14.2         0.67      77              [636]            14 14 26.370 +11 02 19.30 
3C299     12.9         0.65      1.0             [80]             14 19 06.290 +41 58 30.20 
3C300     19.5         0.78      9               [522]            14 20 39.960 +19 49 13.20 
3C303     12.2         0.76      150             [601]            14 41 24.820 +52 14 18.40 
3C305     17.1         0.85      <1.0            [506]            14 48 17.277 +63 28 36.33 
3C309.1   24.7         0.53      2350            [534]            14 58 56.657 +71 52 11.29 
3C310     60.1         0.92      80              [637]            15 02 46.940 +26 12 34.70 
3C314.1   11.6         0.95      <1.0            [601]            15 10 11.410 +70 57 09.30 
3C315     19.4         0.72      <150            [506]            15 11 30.830 +26 18 39.00 
3C318     13.4         0.78      <90             [638]            15 17 50.640 +20 26 52.70 
3C319     16.7         0.90      <1.0            [522]            15 22 43.900 +54 38 38.40 
3C321     14.7         0.60      30              [639]            15 29 33.420 +24 14 26.20 
3C322     11.0         0.81      0.3             [537]            15 33 46.200 +55 46 46.00 
3C324     17.2         0.90      <0.14           [528,640]        15 47 37.100 +21 34 40.10 
3C326     22.2         0.88      13              [506,623]        15 49 56.130 +20 14 18.20 
3C325     17.0         0.70      2.4             [505]            15 49 13.990 +62 50 20.00 
3C330     30.3         0.71      0.74            [505]            16 09 13.900 +66 04 22.30 
NGC6109   11.7         0.76      28              [511,506]        16 15 49.000 +35 07 32.00 
3C334     11.9         0.86      111             [504]            16 18 07.330 +17 43 29.60 
3C336     12.5         0.73      20.4            [504]            16 22 32.214 +23 52 02.00 
3C341     11.8         0.85      1.0             [601]            16 26 02.420 +27 48 13.90 
3C338     51.1         1.19      105             [642]            16 26 55.380 +39 39 37.00 
3C340     11.0         0.73      1.1             [529]            16 27 29.410 +23 26 42.60 
3C337     12.9         0.63      0.29            [503,106]        16 27 19.070 +44 25 38.20 
3C343     13.5         0.37      <300            [38]             16 34 01.120 +62 51 42.40 
3C343.1   12.5         0.32      <200            [38]             16 37 55.220 +62 40 35.00 
NGC6251   11.6         0.72      350             [108]            16 37 56.800 +82 38 17.40 
3C346     11.9         0.52      220             [506]            16 41 34.546 +17 21 20.70 
3C345     11.8         0.27      8610            [644]            16 41 17.607 +39 54 10.71 
3C349     14.5         0.74      25              [601,522]        16 58 04.440 +47 07 20.30 
3C351     14.9         0.73      6.5             [504]            17 04 03.490 +60 48 30.90 
3C352     12.3         0.88      3.18            [503]            17 09 18.000 +46 05 06.00 
3C356     12.3         1.02      1.1             [528]            17 23 06.660 +51 00 18.10 
4C16.49   11.4         1.0       16              [523]            17 32 27.870 +16 02 27.30 
4C13.66   12.3         0.81      <2              [302]            17 59 21.50  +13 51 43.00 
3C368     15.0         1.24      <0.21           [640]            18 02 45.600 +11 01 13.80 
3C380     64.7         0.71      7447            [171]            18 28 13.513 +48 42 40.45 
3C381     18.1         0.81      5               [601,522]        18 32 24.470 +47 24 39.00 
3C382     21.7         0.59      188             [601,646]        18 33 11.970 +32 39 18.22 
3C386     26.1         0.59      120             [601]            18 36 12.850 +17 09 06.70 
3C388     26.8         0.70      62              [647]            18 42 35.440 +45 30 21.70 
3C390.3   51.8         0.75      330             [648]            18 45 37.569 +79 43 06.52 
3C401     22.8         0.71      32              [506,522]        19 39 38.810 +60 34 33.50 
3C427.1   29.0         0.97      0.8             [533]            21 04 44.800 +76 21 09.50 
3C432     12.0         0.98      7.5             [504]            21 20 25.532 +16 51 46.40 
3C433     61.3         0.75      5               [646]            21 21 30.500 +24 51 33.00 
3C436     19.4         0.86      19              [506,522]        21 41 57.910 +27 56 30.30 
3C437     15.9         0.79      <0.12           [503]            21 45 01.200 +15 06 50.00 
3C438     48.7         0.88      7.1             [506,522]        21 53 45.510 +37 46 12.80 
3C441     13.7         0.83      3.5             [505]            22 03 49.270 +29 14 43.80 
3C442A    17.5         0.96      2               [649]            22 12 20.400 +13 35 31.00 
3C449     12.5         0.58      37              [506,650]        22 29 07.670 +39 06 03.90 
3C452     59.3         0.78      130             [646]            22 43 32.790 +39 25 27.30 
NGC7385   11.7         0.75      121             [506,539]        22 47 24.950 +11 20 38.50 
3C454     12.6         0.90      <200            [531]            22 49 07.630 +18 32 43.70 
3C454.3   14.2         0.04      12200           [651]            22 51 29.534 +15 52 54.38 
3C455     14.0         0.71      1.4             [519]            22 52 34.526 +12 57 33.50 
3C457     14.3         1.01      2.1             [601,533]        23 09 38.530 +18 29 22.00 
3C465     41.2         0.75      270             [506,652]        23 35 59.000 +26 45 15.90 
3C469.1   12.1         0.96      2.6             [653]            23 52 58.700 +79 38 35.20 
3C470     11.0         0.77      2.0             [503]            23 56 02.300 +43 47 57.00 
