# Source list for ACE_SB371_2min_SUBTRACTED_CORRECTED_MODEL_DATA-image.fits
# Generated by PyBDSM version 1.8.11
# Reference frequency of the detection ("ch0") image: nan Hz
# Equinox : 2000.0 

# Source_id Isl_id RA E_RA DEC E_DEC Total_flux E_Total_flux Peak_flux E_Peak_flux RA_max E_RA_max DEC_max E_DEC_max Maj E_Maj Min E_Min PA E_PA Maj_img_plane E_Maj_img_plane Min_img_plane E_Min_img_plane PA_img_plane E_PA_img_plane DC_Maj E_DC_Maj DC_Min E_DC_Min DC_PA E_DC_PA DC_Maj_img_plane E_DC_Maj_img_plane DC_Min_img_plane E_DC_Min_img_plane DC_PA_img_plane E_DC_PA_img_plane Isl_Total_flux E_Isl_Total_flux Isl_rms Isl_mean Resid_Isl_rms Resid_Isl_mean S_Code
   0    2 -276.34045573373555 0.00726919218670 21.96020060166380 0.00489911880506 412.34424132364109 8.66813209902278 361.04375002000080 4.41152321326664 -276.34045573373555 0.00726919218670 21.96020060166380 0.00489911880506 0.80088834452004 0.01151138876284 0.42880767981745 0.00333756000805 19.17134876312869 34.13297909676329 0.45518379669122 0.01151138876284 0.14529575028381 0.00333756000805 165.68289871731827 34.13297909676329 0.27830084264682 0.01151138876284 0.15484155612920 0.00333756000805 12.97031556311457 34.13297909676329 0.13874599726017 0.01151138876284 0.05551186236845 0.00333756000805 159.48186551730413 34.13297909676329 440.16306149984035 13.69142212072788 5.39623069763184 0.64613610506058 6.52589178085327 1.39656686782837    S
   1    6 -304.15359354740923 0.02607047074896 -2.64071451648365 0.03286400177559 35.09375147776340 6.59390762211868 35.05098408958066 3.56023517907545 -304.15359354740923 0.02607047074896 -2.64071451648365 0.03286400177559 0.67515906913954 0.10815781706471 0.42355221543711 0.04298875408803 73.17232980405652 4.38722693314020 0.33279994317610 0.10815781706471 0.17421515859264 0.04298875408803 166.98926712598859 4.38722693314020 0.00000000000000 0.10815781706471 0.00000000000000 0.04298875408803 0.00000000000000 4.38722693314020 0.00000000000000 0.10815781706471 0.00000000000000 0.04298875408803 0.00000000000000 4.38722693314020 30.18203974867455 5.63220259691276 3.84486293792725 2.02740240097046 0.63975036144257 2.02948236465454    S
   2    7 -290.72825703312986 0.00560193651582 29.70831043849661 0.00521262579123 288.92850198712381 8.22083687099853 251.90217995452940 4.28223107049152 -290.72825703312986 0.00560193651582 29.70831043849661 0.00521262579123 0.51146979954636 0.01252841291708 0.27015240097645 0.00292505466102 23.40702357310164 38.21370285447966 0.43876079759462 0.01252841291708 0.15138060837374 0.00292505466102 166.14288411234168 38.21370285447966 0.13634560055700 0.01252841291708 0.06488973674177 0.00292505466102 136.08856699835798 38.21370285447966 0.07243324485971 0.01252841291708 0.06488008889580 0.00292505466102 98.82442753759803 38.21370285447966 306.06720094979511 11.22496953475252 5.08292961120605 1.96462917327881 7.09880781173706 2.93758749961853    S
   3    8 -283.86511460832952 0.01977667681147 38.04738443474772 0.01333859081907 139.21708597014853 9.66962875885713 107.78325267930315 5.28723418653685 -283.86511460832952 0.01977667681147 38.04738443474772 0.01333859081907 0.61802231030119 0.04145603307502 0.24977803823450 0.00823863912507 34.01731176430243 50.83801772588750 0.47472275029625 0.04145603307502 0.15755812792658 0.00823863912507 165.92252590614783 50.83801772588750 0.25642724146247 0.04145603307502 0.13040221013370 0.00823863912507 32.07899524740173 50.83801772588750 0.19301375733350 0.04145603307502 0.08343151444831 0.00823863912507 163.98420938924713 50.83801772588750 176.73976531086140 12.43996100521088 6.22072553634644 3.88236451148987 2.65413355827332 4.12922620773315    S
   4   10 -312.48446241459021 0.01672006639447 17.09885715730077 0.03539722734813 43.48018136939982 6.11487650516937 35.55291798591031 3.28787724699732 -312.48446241459021 0.01672006639447 17.09885715730077 0.03539722734813 0.45940548323381 0.07897837798888 0.26753135532798 0.01439372354350 5.19645307596642 23.37498378902960 0.45287857291678 0.07897837798888 0.15637737771068 0.01439372354350 167.07108742163894 23.37498378902960 0.14583660983454 0.07897837798888 0.12903066847454 0.01439372354350 17.55216786407314 23.37498378902960 0.13231737410228 0.07897837798888 0.07793505870948 0.01439372354350 179.42680220974566 23.37498378902960 50.28897492044570 6.69704024845315 3.85137677192688 2.34346222877502 1.13470685482025 2.37736535072327    S
   5   14 -287.80244763431386 0.03222157661866 44.94978398016910 0.02077170229255 109.64401491574647 7.77418926359692 63.27597478931845 4.77545373337559 -287.80244763431386 0.03222157661866 44.94978398016910 0.02077170229255 0.69757583010221 0.07272040573803 0.23949413530138 0.01252018666961 38.95738791129614 55.91214983439985 0.57246113649747 0.07272040573803 0.17528295284476 0.01252018666961 167.35491351555328 55.91214983439985 0.45040490010639 0.07272040573803 0.15567335612451 0.01252018666961 40.41727366574679 55.91214983439985 0.37377447648842 0.07272040573803 0.11294858070084 0.01252018666961 168.81479927000393 55.91214983439985 144.88175620675705 10.97851600899232 5.55811548233032 5.25765991210938 1.09748351573944 5.26412725448608    S
   6   16 -310.42267565390625 0.01561127467333 41.90629939600473 0.01827317970802 55.03988033143958 6.56942186963479 43.54291359636923 3.81316839666538 -310.42267565390625 0.01561127467333 41.90629939600473 0.01827317970802 0.40334617406225 0.04905735703854 0.23129859155310 0.01451016180385 29.88792542589005 42.44375667434403 0.39774139296635 0.04905735703854 0.18403431474652 0.01451016180385 173.85476799997832 42.44375667434403 0.00000000000000 0.04905735703854 0.00000000000000 0.01451016180385 0.00000000000000 42.44375667434403 0.00000000000000 0.04905735703854 0.00000000000000 0.01451016180385 0.00000000000000 42.44375667434403 240.18994827435702 11.50924789568056 4.04503059387207 1.81270301342010 3.97463726997375 2.21896862983704    C
   7   16 -310.04109356748279 0.00597515633372 41.53703475676888 0.00693680473954 164.61669917954504 6.41315257932997 136.98201386201637 3.37009647859371 -310.04109356748279 0.00597515633372 41.53703475676888 0.00693680473954 0.47884565093050 0.01902493380854 0.18777475905243 0.00282718289320 21.92301418195240 37.38617866540564 0.46179559704072 0.01902493380854 0.15069545637808 0.00282718289320 165.87210172167306 37.38617866540564 0.16645826125592 0.01902493380854 0.08572007137297 0.00282718289320 18.61411991315031 37.38617866540564 0.15869134605398 0.01902493380854 0.06935578927051 0.00282718289320 162.56320745287098 37.38617866540564 240.18994827435702 11.50924789568056 4.04503059387207 1.81270301342010 3.97463726997375 2.21896862983704    C
   8   20 -305.58891524056099 0.03345066430638 50.74717855520415 0.02914849507596 52.40223141804496 6.10883211341279 24.66314011551625 4.36543236155610 -305.58891524056099 0.03345066430638 50.74717855520415 0.02914849507596 0.42469123004749 0.07945158274008 0.36361333453832 0.06019722747417 41.45675069661598 73.45167066691869 0.40646786252586 0.07945158274008 0.30270165841673 0.06019722747417 177.29724262990152 73.45167066691869 0.00000000000000 0.07945158274008 0.00000000000000 0.06019722747417 0.00000000000000 73.45167066691869 0.00000000000000 0.07945158274008 0.00000000000000 0.06019722747417 0.00000000000000 73.45167066691869 43.51303968079289 5.39217716216060 4.06950712203979 3.59006047248840 0.46029743552208 3.59254074096680    S
   9   24 -324.15941913631900 0.01186063860158 42.91721938058845 0.01364498879751 126.37456097992883 5.24412837169200 57.63000786652167 3.73068012120415 -324.15941913631900 0.01186063860158 42.91721938058845 0.01364498879751 0.49337565766268 0.03737937723217 0.29621815979380 0.01629813281425 177.43245343345308 34.27259625591647 0.47758847384270 0.03737937723217 0.26588678186357 0.01629813281425 149.47076405644350 34.27259625591647 0.34521910167386 0.03737937723217 0.00000000000000 0.01629813281425 137.10703510942312 34.27259625591647 0.30685667513882 0.03737937723217 0.00000000000000 0.01629813281425 109.14534573241355 34.27259625591647 77.33507676857830 6.79319176388908 3.62523818016052 0.18139865994453 7.87757301330566 -4.92069482803345    S
  10   25 -308.16083962068194 0.02591449333030 55.34914269403182 0.02246442189052 147.22500450341801 4.84554683861886 40.43109606330360 3.86887254839064 -308.16083962068194 0.02591449333030 55.34914269403182 0.02246442189052 0.63966809547313 0.06907426524246 0.39594349356537 0.03348585451056 49.62463934169986 54.61957694659922 0.61951782628718 0.06907426524246 0.34037045670171 0.03348585451056 4.73369237772562 54.61957694659922 0.48048776448035 0.06907426524246 0.29971306183660 0.03348585451056 68.53940498456890 54.61957694659922 0.47987339720214 0.06907426524246 0.25180306260880 0.03348585451056 23.64845802059466 54.61957694659922 173.63985036606272 9.58806383816687 3.93079090118408 4.37442541122437 6.27588891983032 5.00090551376343    S
  11   27 -335.88683698206052 0.00527415416941 20.94551564856955 0.01813078734024 58.48604812283512 5.69055945158267 55.49149874577162 2.81170422969573 -335.88683698206052 0.00527415416941 20.94551564856955 0.01813078734024 0.46452679297348 0.04279347429014 0.17358674562525 0.00486896263766 1.01908020620863 15.01942204277854 0.42779690276419 0.04279347429014 0.14266839982253 0.00486896263766 168.70258741101276 15.01942204277854 0.00000000000000 0.04279347429014 0.00000000000000 0.00486896263766 0.00000000000000 15.01942204277854 0.00000000000000 0.04279347429014 0.00000000000000 0.00486896263766 0.00000000000000 15.01942204277854 74.91165638267628 6.54249845605587 3.44394898414612 2.85552144050598 1.12915110588074 2.95044136047363    S
  12   28 -338.52208170216971 0.02885033131180 -1.27108758287914 0.04528747202270 82.67529396771579 6.22004803437637 33.14485364653392 4.61124506231605 -338.52208170216971 0.02885033131180 -1.27108758287914 0.04528747202270 0.56571361093080 0.13243258443245 0.55369288081988 0.04215280927985 56.34656473219457 18.70801342686521 0.45589810002991 0.13243258443245 0.31683376879338 0.04215280927985 147.27228306044549 18.70801342686521 0.00000000000000 0.13243258443245 0.00000000000000 0.04215280927985 0.00000000000000 18.70801342686521 0.00000000000000 0.13243258443245 0.00000000000000 0.04215280927985 0.00000000000000 18.70801342686521 54.94607455104190 6.23519561560594 4.35666704177856 3.23855829238892 0.16437368094921 3.24097585678101    S
  13   31 -337.86638043532162 0.02065082657212 29.02218957248065 0.03759554266304 28.96846730232420 6.06342219914949 21.07789069724098 3.72289898786368 -337.86638043532162 0.02065082657212 29.02218957248065 0.03759554266304 0.38773041555608 0.09729784695035 0.24085131741635 0.03016958144535 172.41828582806909 30.26278953358912 0.38237989399204 0.09729784695035 0.20813394915539 0.03016958144535 157.87476503428979 30.26278953358912 0.00000000000000 0.09729784695035 0.00000000000000 0.03016958144535 0.00000000000000 30.26278953358912 0.00000000000000 0.09729784695035 0.00000000000000 0.03016958144535 0.00000000000000 30.26278953358912 19.39846436084409 4.82316699034790 3.74560332298279 0.94107246398926 0.03296301886439 0.94105285406113    S
  14   33 -342.77695313283084 0.00363965156042 13.37421734256531 0.01494223439555 96.23939234159840 5.03423419601647 74.83362275420778 2.76402626929671 -342.77695313283084 0.00363965156042 13.37421734256531 0.01494223439555 0.55683317699835 0.03569956647853 0.19303371394235 0.00406705265644 173.58112411238383 8.86342964690356 0.46751968021022 0.03569956647853 0.15929267604525 0.00406705265644 166.81967266111047 8.86342964690356 0.21278876916530 0.03569956647853 0.10210437452409 0.00406705265644 177.66234726146305 8.86342964690356 0.17481281901686 0.03569956647853 0.08612874741608 0.00406705265644 170.90089581018970 8.86342964690356 127.60660874400207 7.46559912734361 3.22327423095703 2.99551129341125 3.42752146720886 3.46756815910339    S
  15   34 -320.49875125753294 0.02303843850235 59.23879561424856 0.02592893360808 66.79146285996933 6.72464794216727 41.24135629419627 4.11783318925322 -320.49875125753294 0.02303843850235 59.23879561424856 0.02592893360808 0.54573490873294 0.07906519438532 0.19154058167814 0.01315596436944 23.76106329326657 43.71831787624749 0.51531781661151 0.07906519438532 0.18199206867463 0.01315596436944 166.19630737496482 43.71831787624749 0.29474058258372 0.07906519438532 0.13012552532862 0.01315596436944 23.56715627845315 43.71831787624749 0.27821795391719 0.07906519438532 0.12368189072949 0.01315596436944 166.00240036015140 43.71831787624749 105.35820976043426 10.52351973669220 4.58540916442871 3.85307145118713 3.66878247261047 4.13331079483032    S
  16   38 -349.61152662756797 0.01653487465629 -9.42491944121143 0.08464959263055 35.94748398636884 6.34926334244396 23.17692208025215 4.03361969237990 -349.61152662756797 0.01653487465629 -9.42491944121143 0.08464959263055 0.92311512083520 0.21407542574522 0.23538245495997 0.02867054792953 179.09828633469792 9.19506037675671 0.41992999643660 0.21407542574522 0.21388259442209 0.02867054792953 4.48288990419792 9.19506037675671 0.00000000000000 0.21407542574522 0.00000000000000 0.02867054792953 0.00000000000000 9.19506037675671 0.00000000000000 0.21407542574522 0.00000000000000 0.02867054792953 0.00000000000000 9.19506037675671 42.68187442066251 6.07891184801482 4.05859613418579 2.15174055099487 0.30403563380241 2.15613627433777    S
  17   43 -328.47497649706423 0.03314682465201 64.82745116178579 0.02930746475929 74.75403169971140 5.88267368517034 26.16834729648838 4.51003042018753 -328.47497649706423 0.03314682465201 64.82745116178579 0.02930746475929 0.45733972071347 0.07711417371094 0.39187996570243 0.06896287449423 141.58712745226990 99.99744011465782 0.43051485341094 0.07711417371094 0.38424638391624 0.06896287449423 108.25322588869142 99.99744011465782 0.00000000000000 0.07711417371094 0.00000000000000 0.06896287449423 0.00000000000000 99.99744011465782 0.00000000000000 0.07711417371094 0.00000000000000 0.06896287449423 0.00000000000000 99.99744011465782 39.50509145329617 5.76586335014434 4.23546886444092 3.28108286857605 0.08506539463997 3.28125524520874    S
  18   47 -299.08978525799427 0.04600840795586 74.95606678413827 0.02785291275945 32.51262619617864 5.85226461105561 19.78582907369031 3.79533305303039 -299.08978525799427 0.04600840795586 74.95606678413827 0.02785291275945 0.46832002605857 0.11896656433330 0.24884735070585 0.03605502161203 87.16534270799150 78.82200006765989 0.43003034656291 0.11896656433330 0.22127803051508 0.03605502161203 24.74076116961760 78.82200006765989 0.00000000000000 0.11896656433330 0.00000000000000 0.03605502161203 0.00000000000000 78.82200006765989 0.00000000000000 0.11896656433330 0.00000000000000 0.03605502161203 0.00000000000000 78.82200006765989 39.17550016089968 6.14888496912283 3.78903317451477 3.37184190750122 1.82998085021973 4.24379348754883    S
  19   52 -349.18858124015804 0.00529004825751 52.07211677488556 0.01461442307069 82.01346267965626 7.50367400672439 74.89658498106060 3.82492203534501 -349.18858124015804 0.00529004825751 52.07211677488556 0.01461442307069 0.42794905122189 0.03623664109046 0.15048076346334 0.00463477786430 179.20653468734511 15.74284830383416 0.42737349599463 0.03623664109046 0.14837309323425 0.00463477786430 166.29767395322216 15.74284830383416 0.00000000000000 0.03623664109046 0.00000000000000 0.00463477786430 0.00000000000000 15.74284830383416 0.00000000000000 0.03623664109046 0.00000000000000 0.00463477786430 0.00000000000000 15.74284830383416 68.96390383815182 11.16120732315656 4.57572793960571 -2.42665243148804 6.60631227493286 2.17429947853088    S
  20   56 -350.95851570531744 0.02041538703410 58.94696932490885 0.02946239152672 71.76774247963253 7.44585018828598 36.61620791680505 5.12431824602409 -350.95851570531744 0.02041538703410 58.94696932490885 0.02946239152672 0.46448698270253 0.07929622623008 0.24840723545626 0.02849936924497 162.94973864496970 25.61271886630330 0.45756182607586 0.07929622623008 0.24805371681334 0.02849936924497 150.36059152926777 25.61271886630330 0.00000000000000 0.07929622623008 0.00000000000000 0.02849936924497 0.00000000000000 25.61271886630330 0.00000000000000 0.07929622623008 0.00000000000000 0.02849936924497 0.00000000000000 25.61271886630330 42.70066279420831 7.33830987903031 5.00954914093018 -0.11040240526199 0.37687638401985 -0.11185367405415    S
  21   59 -358.81568709173627 0.01304158090185 12.88986661231800 0.04056117595410 33.25332886352275 5.06500023762413 22.17830925794395 3.19228034738315 -358.81568709173627 0.01304158090185 12.88986661231800 0.04056117595410 0.51039469427573 0.09911907407084 0.22738054881697 0.02373589149331 166.68107917790178 14.41357611479510 0.40642335457054 0.09911907407084 0.21363265590787 0.02373589149331 164.70144501227145 14.41357611479510 0.00000000000000 0.09911907407084 0.00000000000000 0.02373589149331 0.00000000000000 14.41357611479510 0.00000000000000 0.09911907407084 0.00000000000000 0.02373589149331 0.00000000000000 14.41357611479510 26.88134638619337 4.35725898082460 3.20074081420898 1.83783125877380 0.34577387571335 1.71949779987335    S
  22   61 -359.06333476282123 0.01645235557950 13.11940292419838 0.05035934416888 25.94659470250780 5.08812999145908 16.92003451954141 3.27061637217840 -359.06333476282123 0.01645235557950 13.11940292419838 0.05035934416888 0.50533498920583 0.11975833314210 0.22894067640805 0.03623062109975 11.11094600775557 21.42770769857270 0.38790670934022 0.11975833314210 0.22892405783834 0.03623062109975 9.17632817304718 21.42770769857270 0.00000000000000 0.11975833314210 0.00000000000000 0.03623062109975 0.00000000000000 21.42770769857270 0.00000000000000 0.11975833314210 0.00000000000000 0.03623062109975 0.00000000000000 21.42770769857270 25.58541296297008 4.46182817896484 3.19456529617310 1.78506147861481 0.76765698194504 1.00199246406555    S
  23   64 -353.68074020995783 0.00158992446640 64.15331960408314 0.00470810052932 344.53700451535713 7.03917467622152 250.41764482835339 4.07136204916587 -353.68074020995783 0.00158992446640 64.15331960408314 0.00470810052932 0.47203720325241 0.01160425152792 0.17327666968141 0.00186342903711 178.01495156306785 11.94798263637905 0.46022094842161 0.01160425152792 0.17311877379041 0.00186342903711 167.07821948172005 11.94798263637905 0.15903219922125 0.01160425152792 0.10825027166085 0.00186342903711 9.32262154621357 11.94798263637905 0.15547155781296 0.01160425152792 0.10784665370124 0.00186342903711 178.38588946486576 11.94798263637905 380.31047106405930 10.87957832347646 4.53523683547974 1.05631422996521 3.65172982215881 1.82357442378998    S
  24   70 -355.93741622362853 0.00825118084731 79.29925438070926 0.02647688836503 29.83826814822771 5.88291613222887 27.76522260998967 3.24498879115320 -355.93741622362853 0.00825118084731 79.29925438070926 0.02647688836503 0.39431208949390 0.06391965772410 0.17694339696393 0.01492699167030 3.21170762356951 19.70906984635744 0.35186715128900 0.06391965772410 0.17686151108999 0.01492699167030 172.59387563096408 19.70906984635744 0.00000000000000 0.06391965772410 0.00000000000000 0.01492699167030 0.00000000000000 19.70906984635744 0.00000000000000 0.06391965772410 0.00000000000000 0.01492699167030 0.00000000000000 19.70906984635744 26.39421493880869 4.73728045886765 3.47989583015442 0.35514935851097 0.26552540063858 0.35550144314766    S
  25   73 -5.38123648021903 0.00350696461035 26.99819729573101 0.01272000881042 100.58216413515022 5.64706961246145 80.51702259676226 3.07217352398811 -5.38123648021903 0.00350696461035 26.99819729573101 0.01272000881042 0.50251931303550 0.03104089339624 0.15990923779164 0.00376328398823 164.75262954590721 2.31007867213335 0.45625549932742 0.03104089339624 0.15854945743905 0.00376328398823 164.62974754207437 2.31007867213335 0.15875673232421 0.03104089339624 0.07721286745323 0.00376328398823 146.33033634647433 2.31007867213335 0.14758130863235 0.03104089339624 0.07453618759814 0.00376328398823 146.20745434264151 2.31007867213335 95.56420449344404 7.49196033219126 3.57604646682739 -1.58257925510406 1.82900404930115 -1.44124937057495    S
  26   76 -8.59250923890343 0.00457035192161 58.50713712565887 0.02017199231636 15.91198579900528 9.91495818513331 38.15714301351925 2.46920743455302 -8.59250923890343 0.00457035192161 58.50713712565887 0.02017199231636 0.30322967506174 0.04868279400502 0.08009279423670 0.00208905168012 165.09890202057221 179.73063378702952 0.30186266019011 0.04868279400502 0.07999792849321 0.00208905168012 167.64346114106252 179.73063378702952 0.00000000000000 0.04868279400502 0.00000000000000 0.00208905168012 0.00000000000000 179.73063378702952 0.00000000000000 0.04868279400502 0.00000000000000 0.00208905168012 0.00000000000000 179.73063378702952 488.37331363155636 30.00787729477397 4.60156917572021 -1.35271942615509 4.43031120300293 17.76744651794434    S
  27   78 -7.93898457785391 0.01305476500203 29.67349414449991 0.03845249732835 26.78429980944237 5.92385414373751 20.25707494465806 3.60334272267624 -7.93898457785391 0.01305476500203 29.67349414449991 0.03845249732835 0.39905050802861 0.09036257758375 0.20861433002574 0.02917848070111 6.40369522733394 15.23087187558123 0.36864986722117 0.09036257758375 0.20769645524021 0.02917848070111 7.64896465835767 15.23087187558123 0.00000000000000 0.09036257758375 0.00000000000000 0.02917848070111 0.00000000000000 15.23087187558123 0.00000000000000 0.09036257758375 0.00000000000000 0.02917848070111 0.00000000000000 15.23087187558123 14.90672593268405 5.18043355021769 3.61968183517456 -2.40325140953064 0.10901290923357 -2.40320491790771    S
  28   81 -11.52301254278137 0.05364796226106 58.77807440819205 0.05779736362684 359.96943383060682 3.07665481517435 21.88254188347689 2.90508523461117 -11.52301254278137 0.05364796226106 58.77807440819205 0.05779736362684 1.06717654902108 0.14387365772686 0.89933513020457 0.11756564454589 140.91381685425819 31.01885772830967 1.06516870937462 0.14387365772686 0.89431200391892 0.11756564454589 145.98544883672577 31.01885772830967 0.99095866283453 0.14387365772686 0.87058116792970 0.11756564454589 126.74590875520148 31.01885772830967 0.99039483257744 0.14387365772686 0.86459544885845 0.11756564454589 131.81754073766905 31.01885772830967 76.37254172421619 11.29632151628467 4.55701780319214 -1.53399932384491 2.15624141693115 -1.53208696842194    S
  29   82 -160.57197598377996 0.03340123770891 82.27965358144210 0.04529769837450 30.75132646376597 4.34570801090408 15.13643125749955 3.06090347857230 -160.57197598377996 0.03340123770891 82.27965358144210 0.04529769837450 0.56027501766927 0.12828284773665 0.30255121832073 0.05408125953919 60.32572969818415 60.76280749313119 0.41452598665406 0.12828284773665 0.28381033275080 0.05408125953919 26.76569447744032 60.76280749313119 0.00000000000000 0.12828284773665 0.00000000000000 0.05408125953919 0.00000000000000 60.76280749313119 0.00000000000000 0.12828284773665 0.00000000000000 0.05408125953919 0.00000000000000 60.76280749313119 17.06443311495591 3.70747010551482 2.87916874885559 0.24588638544083 0.18790055811405 0.24751527607441    S
  30   84 -15.30106344337016 0.02030253681641 63.45242946548596 0.05137318582121 52.41084049985781 5.84878247170874 21.76203827014320 4.25565164502111 -15.30106344337016 0.02030253681641 63.45242946548596 0.05137318582121 0.51996753501498 0.12287287156544 0.27417908682211 0.04436474697021 170.92197523040213 9.64832775925488 0.51019468631930 0.12287287156544 0.27335387023537 0.04436474697021 179.71852851369965 9.64832775925488 0.33339447392317 0.12287287156544 0.15003756109421 0.04436474697021 24.11759012438671 9.64832775925488 0.32646494020886 0.12287287156544 0.14990154747064 0.04436474697021 32.91414340768423 9.64832775925488 37.73250425614847 6.38699134535938 4.17450189590454 -0.43126907944679 1.93050789833069 -0.20708788931370    S
  31   85 -14.49844367017054 0.02737028631239 58.87637905897964 0.04382111766814 236.89723517396635 4.25275807928160 32.63554498868728 3.76061707326824 -14.49844367017054 0.02737028631239 58.87637905897964 0.04382111766814 0.89048345087014 0.11079029996017 0.47667126845507 0.05087222840998 15.11431762536230 4.56357960896991 0.88223579099118 0.11079029996017 0.47645737498620 0.05087222840998 22.74654535518778 4.56357960896991 0.82237090450062 0.11079029996017 0.36891996505603 0.05087222840998 24.11059895603269 4.56357960896991 0.81442490105369 0.11079029996017 0.36890727348051 0.05087222840998 31.74282668585817 4.56357960896991 145.98385267096529 11.02327889853435 4.48258876800537 -1.58273231983185 3.08549284934998 -1.55690550804138    S
  32   86 -10.85289115004966 0.00480035294192 4.11278725603345 0.03064434597225 45.76148492969267 6.27650193471719 44.68850725041970 3.07734987179856 -10.85289115004966 0.00480035294192 4.11278725603345 0.03064434597225 0.62993269198314 0.07314888641729 0.14298724982479 0.00589603332113 167.97901483832607 3.14425456024542 0.41636486822121 0.07314888641729 0.14241960810755 0.00589603332113 168.55210038093645 3.14425456024542 0.00000000000000 0.07314888641729 0.00000000000000 0.00589603332113 0.00000000000000 3.14425456024542 0.00000000000000 0.07314888641729 0.00000000000000 0.00589603332113 0.00000000000000 3.14425456024542 56.85823209787107 6.43162832597761 3.75988221168518 2.39767551422119 0.56552731990814 2.41444897651672    S
  33   90 -43.93823983021392 0.00923747176810 76.55399841020004 0.01066430455371 55.85820414799806 5.49844719562353 57.79449066118266 2.63325436407683 -43.93823983021392 0.00923747176810 76.55399841020004 0.01066430455371 0.44080226655511 0.03484542907535 0.14445896645721 0.00378072570891 130.30054825985249 143.56510323438124 0.39979322031957 0.03484542907535 0.13999247983196 0.00378072570891 169.20504424676488 143.56510323438124 0.00000000000000 0.03484542907535 0.00000000000000 0.00378072570891 0.00000000000000 143.56510323438124 0.00000000000000 0.03484542907535 0.00000000000000 0.00378072570891 0.00000000000000 143.56510323438124 60.17059973174747 6.62853581287888 3.23666167259216 -0.56375652551651 1.77378571033478 -0.33836713433266    C
  34   90 -44.05518313279698 0.02270792654581 76.85031564446830 0.02583553236063 10.01681520539841 5.84575459168880 14.65161491371084 2.65001689278315 -44.05518313279698 0.02270792654581 76.85031564446830 0.02583553236063 0.31289210545495 0.08392647190066 0.14358660253724 0.01749703591363 147.89947647350721 154.37453729295044 0.27700748912103 0.08392647190066 0.14291975365996 0.01749703591363 7.03430235967426 154.37453729295044 0.00000000000000 0.08392647190066 0.00000000000000 0.01749703591363 0.00000000000000 154.37453729295044 0.00000000000000 0.08392647190066 0.00000000000000 0.01749703591363 0.00000000000000 154.37453729295044 60.17059973174747 6.62853581287888 3.23666167259216 -0.56375652551651 1.77378571033478 -0.33836713433266    C
  35   92 -18.53782079793021 0.00212715853886 39.68500856245228 0.00751895430446 144.03040530475226 6.19794038317007 125.91696808455301 3.27247990565693 -18.53782079793021 0.00212715853886 39.68500856245228 0.00751895430446 0.43854575980532 0.01812947129859 0.15696152512750 0.00256506251136 160.13311086733898 173.07052992507346 0.42567460099930 0.01812947129859 0.15560795341544 0.00256506251136 168.57875166846321 173.07052992507346 0.00000000000000 0.01812947129859 0.00000000000000 0.00256506251136 0.00000000000000 173.07052992507346 0.00000000000000 0.01812947129859 0.00000000000000 0.00256506251136 0.00000000000000 173.07052992507346 109.20536141965714 9.58703160227364 3.80751323699951 -3.94098782539368 5.73361730575562 -2.43600630760193    S
  36   95 -135.25728587957198 0.03215540927002 71.58709073584230 0.01968415232124 50.19541564261043 5.24185671462156 29.11977064186731 3.48354728548387 -135.25728587957198 0.03215540927002 71.58709073584230 0.01968415232124 0.57370973060199 0.09762492053965 0.30426103058005 0.02330091015858 46.11206744530966 79.93270655220522 0.41959136224584 0.09762492053965 0.23789711159827 0.02330091015858 157.75711975158271 79.93270655220522 0.00000000000000 0.09762492053965 0.00000000000000 0.02330091015858 0.00000000000000 79.93270655220522 0.00000000000000 0.09762492053965 0.00000000000000 0.02330091015858 0.00000000000000 79.93270655220522 35.37317032183726 4.97353291163851 3.39521741867065 0.70585107803345 0.71983522176743 0.73741406202316    S
  37   97 -132.40802079262721 0.04815848860191 70.78569556262136 0.02108622979521 32.50289554565369 5.45497946397373 20.77698719278401 3.51119301447006 -132.40802079262721 0.04815848860191 70.78569556262136 0.02108622979521 0.62161742524069 0.13515901520215 0.23884386229942 0.03040672938804 74.83158347402679 87.56066709663872 0.40230801347758 0.13515901520215 0.22517511870792 0.03040672938804 3.14625216788954 87.56066709663872 0.00000000000000 0.13515901520215 0.00000000000000 0.03040672938804 0.00000000000000 87.56066709663872 0.00000000000000 0.13515901520215 0.00000000000000 0.03040672938804 0.00000000000000 87.56066709663872 30.68701598367125 5.17941116414635 3.45804309844971 0.83664369583130 0.50407910346985 0.84349662065506    S
  38   99 -24.03629538129993 0.00769040817157 -2.07380312868723 0.04910846371032 38.68403574618365 8.36493925779435 39.90454299380152 4.02025186980275 -24.03629538129993 0.00769040817157 -2.07380312868723 0.04910846371032 0.72058021672114 0.11502591070026 0.14661398671365 0.01024181810295 170.02523216729296 6.58284834582020 0.39912907489441 0.11502591070026 0.14064868386681 0.01024181810295 168.93442736780906 6.58284834582020 0.00000000000000 0.11502591070026 0.00000000000000 0.01024181810295 0.00000000000000 6.58284834582020 0.00000000000000 0.11502591070026 0.00000000000000 0.01024181810295 0.00000000000000 6.58284834582020 50.76175016922274 7.99456975760798 4.92637157440186 3.03884863853455 0.84142011404037 3.05669450759888    S
  39  101 -38.78639557420116 0.04726243426528 51.92568864369500 0.06036815216254 238.91162468783622 5.19460883145965 28.17794383072960 4.67058628343289 -38.78639557420116 0.04726243426528 51.92568864369500 0.06036815216254 0.88341539524608 0.15532219036253 0.59244939669816 0.09264598758690 164.25943761561945 176.05658964180503 0.87575217430037 0.15532219036253 0.56064294554305 0.09264598758690 9.89061632596747 176.05658964180503 0.79991131446002 0.15532219036253 0.53211877197476 0.09264598758690 174.43997644055003 176.05658964180503 0.78573183673755 0.15532219036253 0.50785503710668 0.09264598758690 20.07115515089806 176.05658964180503 134.10639775574111 12.60264475489817 5.76471185684204 -1.36204230785370 2.67885160446167 -0.54112833738327    S
  40  111 -122.47271171541959 0.05590179119288 62.70845188290908 0.01266125235977 27.78813265372929 6.52322231940573 22.67877988338359 3.79573370679199 -122.47271171541959 0.05590179119288 62.70845188290908 0.01266125235977 0.59120465040289 0.14307373557000 0.23027171226603 0.02509244694054 87.51726406646208 100.36699531083201 0.37502848052832 0.14307373557000 0.18919734201784 0.02509244694054 0.50954236117985 100.36699531083201 0.00000000000000 0.14307373557000 0.00000000000000 0.02509244694054 0.00000000000000 100.36699531083201 0.00000000000000 0.14307373557000 0.00000000000000 0.02509244694054 0.00000000000000 100.36699531083201 35.83065769251999 6.05788400017797 3.95939898490906 1.73715865612030 0.24743779003620 1.73949611186981    S
  41  117 -39.06941151777095 0.00468644318582 25.10082931171527 0.01253727556186 106.09991670976035 7.22853401322046 97.63786722002055 3.64158747949605 -39.06941151777095 0.00468644318582 25.10082931171527 0.01253727556186 0.49638777265153 0.02933601385399 0.16343608576589 0.00383065700424 150.60131033396405 166.28822124886622 0.43178452396684 0.02933601385399 0.14573682036948 0.00383065700424 166.33575597216719 166.28822124886622 0.00000000000000 0.02933601385399 0.00000000000000 0.00383065700424 0.00000000000000 166.28822124886622 0.00000000000000 0.02933601385399 0.00000000000000 0.00383065700424 0.00000000000000 166.28822124886622 121.01490196054337 9.54064089052251 4.40931224822998 2.98735070228577 3.41201710700989 3.24808311462402    S
  42  120 -51.99393459064805 0.07251350626744 39.82522107166758 0.07678028199345 589.02993214539606 3.62994865020377 25.68563844190129 3.48127493082700 -51.99393459064805 0.07251350626744 39.82522107166758 0.07678028199345 1.33393603607318 0.18721208659151 1.20142516076532 0.15820084178384 164.56826711334969 175.94521515936412 1.32349422084999 0.18721208659151 1.00337795205492 0.15820084178384 14.14818432401336 175.94521515936412 1.29213838641786 0.18721208659151 1.15437488062329 0.15820084178384 170.68860267771478 175.94521515936412 1.26818216004077 0.18721208659151 0.97167234757717 0.15820084178384 20.26851988837845 175.94521515936412 6426.46844365032030 91.67330604846234 6.29835176467896 0.68383848667145 7.09718942642212 19.11852836608887    C
  43  120 -54.66833336231660 0.01682350212630 40.34753470564752 0.01175130432316 1040.25764073905088 9.16151887190557 123.31488830808503 6.29835176467896 -54.41373415665031 0.01682350212630 40.34129426563124 0.01175130432316 0.79758693535154 0.04023696048002 0.68590904513541 0.02676174253118 162.09178255131562 7.91991988233001 0.78756013757644 0.04023696048002 0.56575529833579 0.02676174253118 13.55014224350589 7.91991988233001 0.74275112825214 0.04023696048002 0.57887068809620 0.02676174253118 179.37497415260253 7.91991988233001 0.69962952745822 0.04023696048002 0.49485091391407 0.02676174253118 30.83333384479280 7.91991988233001 6426.46844365032030 91.67330604846234 6.29835176467896 0.68383848667145 7.09718942642212 19.11852836608887    M
  44  122 -57.83306449782167 0.07803760009115 40.55028950552575 0.08963250898723 207.45583513828942 5.56717227957152 23.29290292742565 5.02683979082206 -57.83306449782167 0.07803760009115 40.55028950552575 0.08963250898723 0.98716195317139 0.23794641244503 0.65474903721744 0.12820353133608 136.85342197718586 169.43096642555449 0.98262406076144 0.23794641244503 0.52487301765102 0.12820353133608 170.32149400133750 169.43096642555449 0.88509392342374 0.23794641244503 0.63243757600060 0.12820353133608 138.17245392579107 169.43096642555449 0.88234343636818 0.23794641244503 0.50649843488598 0.12820353133608 171.64052594994268 169.43096642555449 117.44080085298464 14.94153782071232 6.39315462112427 0.90774315595627 5.10959005355835 5.19843387603760    S
  45  126 -59.00797227559170 0.02803027844419 39.82396862128692 0.02933132579097 64.04087160933402 10.37082580492185 39.89128850716292 6.81512575148738 -59.00797227559170 0.02803027844419 39.82396862128692 0.02933132579097 0.40381121748284 0.07976196495771 0.29842800811871 0.04385306069318 172.27382891958516 166.48383219485513 0.37848882614955 0.07976196495771 0.24562112180688 0.04385306069318 26.03259550399576 166.48383219485513 0.00000000000000 0.07976196495771 0.00000000000000 0.04385306069318 0.00000000000000 166.48383219485513 0.00000000000000 0.07976196495771 0.00000000000000 0.04385306069318 0.00000000000000 166.48383219485513 39.94383212299800 8.14916602589542 6.52329635620117 1.10154950618744 0.42088374495506 1.09676504135132    S
  46  129 -59.87089322662422 0.01693751933383 39.91226394259503 0.01963931747864 40.88471112846712 11.35584916826852 45.51372390556264 6.02346070891977 -59.87089322662422 0.01693751933383 39.91226394259503 0.01963931747864 0.30158886686991 0.05211357777975 0.22256663925452 0.02254898273785 159.00824216774680 158.51783785234090 0.29424556350771 0.05211357777975 0.17678615203591 0.02254898273785 13.32522113407242 158.51783785234090 0.00000000000000 0.05211357777975 0.00000000000000 0.02254898273785 0.00000000000000 158.51783785234090 0.00000000000000 0.05211357777975 0.00000000000000 0.02254898273785 0.00000000000000 158.51783785234090 37.95202044497653 8.37706276950064 6.50550842285156 1.15024888515472 0.21765184402466 1.15304052829742    S
  47  130 -61.26646956444227 0.02173707503306 40.78712425998402 0.02186650549886 44.33241481469690 10.77278588342120 40.35874917541015 6.26942306606389 -61.26646956444227 0.02173707503306 40.78712425998402 0.02186650549886 0.33405861558106 0.06079562858907 0.25077542056104 0.03300692784644 170.89842902555105 163.37312038972635 0.30753666093307 0.06079562858907 0.20683612804926 0.03300692784644 26.54772396743192 163.37312038972635 0.00000000000000 0.06079562858907 0.00000000000000 0.03300692784644 0.00000000000000 163.37312038972635 0.00000000000000 0.06079562858907 0.00000000000000 0.03300692784644 0.00000000000000 163.37312038972635 28.59513061765707 8.13321111490632 6.31613683700562 1.14768433570862 0.39507430791855 1.14472877979279    S
  48  133 -82.61919742703253 0.00823694637765 48.76114615755009 0.00498218925003 116.10460166580584 5.85424022910439 117.01260412032663 2.77839945363671 -82.61919742703253 0.00823694637765 48.76114615755009 0.00498218925003 0.43716976743285 0.01971505080611 0.19487264426442 0.00251254801082 113.92889906386918 127.30706395965888 0.42048039221878 0.01971505080611 0.13665031684818 0.00251254801082 167.84573618988566 127.30706395965888 0.00000000000000 0.01971505080611 0.00000000000000 0.00251254801082 0.00000000000000 127.30706395965888 0.00000000000000 0.01971505080611 0.00000000000000 0.00251254801082 0.00000000000000 127.30706395965888 128.60398800584315 6.97421791982083 3.48752641677856 2.47928953170776 2.99624419212341 3.24083590507507    S
  49  137 -56.39134100756065 0.01014690632276 23.61443913641835 0.01932327383790 140.62697356257300 14.88337926454037 129.30494941911070 7.58359102081826 -56.39134100756065 0.01014690632276 23.61443913641835 0.01932327383790 0.48523093258200 0.04248919328415 0.20574805997744 0.00774461155467 144.42326010119231 160.97185803897000 0.42354204594061 0.04248919328415 0.14869506498790 0.00774461155467 166.72838263467946 160.97185803897000 0.00000000000000 0.04248919328415 0.00000000000000 0.00774461155467 0.00000000000000 160.97185803897000 0.00000000000000 0.04248919328415 0.00000000000000 0.00774461155467 0.00000000000000 160.97185803897000 162.84176250750625 17.19150975907516 9.04955196380615 3.65947914123535 4.60027551651001 3.89815616607666    S
  50  138 -112.91154791456383 0.04422239579107 39.52669781133150 0.01477531157421 56.85050691107629 7.36321005911968 50.10766528844091 4.01684797295348 -112.91154791456383 0.04422239579107 39.52669781133150 0.01477531157421 0.61352468270390 0.09385906364337 0.40978193788252 0.01894683725813 108.11613923712486 122.83630140541564 0.39252866953039 0.09385906364337 0.16737800802728 0.01894683725813 170.59722394200304 122.83630140541564 0.00000000000000 0.09385906364337 0.00000000000000 0.01894683725813 0.00000000000000 122.83630140541564 0.00000000000000 0.09385906364337 0.00000000000000 0.01894683725813 0.00000000000000 122.83630140541564 65.22785123694919 7.74432579793253 4.45365619659424 1.77345788478851 1.02792155742645 1.77575981616974    S
  51  139 -75.97869159477837 0.04235038650015 1.43981692653304 0.06928076301416 169.71581992729546 19.13897384507159 99.92919371943987 11.72406358352304 -75.97869159477837 0.04235038650015 1.43981692653304 0.06928076301416 1.19240482462577 0.11955638055359 0.71380024981993 0.05888944335842 166.97215433569895 4.49877871227388 0.55775066415592 0.11955638055359 0.17633131680949 0.05888944335842 169.27258107119127 4.49877871227388 0.65545531731091 0.11955638055359 0.45969379574513 0.05888944335842 171.55265822226815 4.49877871227388 0.35230721413442 0.11955638055359 0.10994106749321 0.05888944335842 173.85308495776047 4.49877871227388 26492.99013349206507 310.94953999632020 13.51151180267334 2.98672056198120 7.28902435302734 51.44047164916992    S
