# Source list for ACE_SB371_2min-3ch1s_LST23h30_08_SUBTRACTED_CORRECTED_DATA_masked2deg-image.fits
# Generated by PyBDSM version 1.8.11
# Reference frequency of the detection ("ch0") image: nan Hz
# Equinox : 2000.0 

# Source_id Isl_id RA E_RA DEC E_DEC Total_flux E_Total_flux Peak_flux E_Peak_flux RA_max E_RA_max DEC_max E_DEC_max Maj E_Maj Min E_Min PA E_PA Maj_img_plane E_Maj_img_plane Min_img_plane E_Min_img_plane PA_img_plane E_PA_img_plane DC_Maj E_DC_Maj DC_Min E_DC_Min DC_PA E_DC_PA DC_Maj_img_plane E_DC_Maj_img_plane DC_Min_img_plane E_DC_Min_img_plane DC_PA_img_plane E_DC_PA_img_plane Isl_Total_flux E_Isl_Total_flux Isl_rms Isl_mean Resid_Isl_rms Resid_Isl_mean S_Code
   0    0 -290.29186328739354 0.03662851233280 -5.25543868698961 0.01335392648869 40.54649766022594 6.62514931742731 60.61303393180933 3.03767183307107 -290.29186328739354 0.03662851233280 -5.25543868698961 0.01335392648869 1.86531740735307 0.07839344060841 0.29573909233949 0.06101146865797 69.06576827316260 175.75764318871202 0.26411583891099 0.07839344060841 0.14666702433352 0.06101146865797 167.44194656276181 175.75764318871202 0.00000000000000 0.07839344060841 0.00000000000000 0.06101146865797 0.00000000000000 175.75764318871202 0.00000000000000 0.07839344060841 0.00000000000000 0.06101146865797 0.00000000000000 175.75764318871202 73.31658538216219 11.08730850887188 3.68127775192261 0.75260031223297 3.55508327484131 17.24962997436523    S
   1    2 -276.34033620863318 0.00745744394095 21.96141607062320 0.00502225191878 405.74313504679134 9.06732230845197 362.85171620191096 4.56121733683800 -276.34033620863318 0.00745744394095 21.96141607062320 0.00502225191878 0.79576034378984 0.01180192304032 0.42336661449588 0.00337227406020 19.03473698341301 34.14860231560664 0.45086425161362 0.01180192304032 0.14362029037831 0.00337227406020 165.54465776852055 34.14860231560664 0.26687300541099 0.01180192304032 0.13198678623960 0.00337227406020 9.47006350663931 34.14860231560664 0.12457629427940 0.01180192304032 0.04914247545292 0.00337227406020 155.97998429174686 34.14860231560664 419.23795695496369 13.79420647501735 5.60937929153442 0.51342463493347 4.77514505386353 0.69500356912613    S
   2    7 -290.72821692307019 0.00539699387775 29.70907729374240 0.00501460093483 279.86991652231973 7.57751576121900 243.15495322940743 3.94587748313839 -290.72821692307019 0.00539699387775 29.70907729374240 0.00501460093483 0.51654202404508 0.01206505315003 0.26907554465170 0.00277800017699 23.03867023478045 38.16684813168624 0.44125042079472 0.01206505315003 0.15105237858108 0.00277800017699 165.77379597494780 38.16684813168624 0.13994773446282 0.01206505315003 0.08859808730557 0.00277800017699 172.23581668394135 38.16684813168624 0.08625805802033 0.01206505315003 0.06408726200777 0.00277800017699 134.97094242410867 38.16684813168624 288.52183666978908 10.57055282942369 4.69364213943481 2.92760920524597 4.79817533493042 3.24771881103516    S
   3    8 -283.86327421321130 0.01659185221080 38.04671833819017 0.01120494016420 130.70330645149681 8.23899776587016 106.88827662222762 4.35737003116286 -283.86327421321130 0.01659185221080 38.04671833819017 0.01120494016420 0.61539966483244 0.03501073953611 0.23824625877669 0.00639736942445 33.05317359335345 50.30345168821464 0.46792143882217 0.03501073953611 0.15132934735463 0.00639736942445 164.95803884324692 50.30345168821464 0.25360770670138 0.03501073953611 0.09776877879806 0.00639736942445 24.69437373042757 50.30345168821464 0.17737732007617 0.03501073953611 0.06646205986393 0.00639736942445 156.59923898032108 50.30345168821464 168.86449590273079 10.45872334494158 5.22998809814453 5.68536949157715 1.91383850574493 5.85231590270996    S
   4   10 -312.48359029929202 0.01547748455315 17.09796449259652 0.03188252730196 38.46001311036454 5.57004648600353 34.68970047870259 2.80296869702588 -312.48359029929202 0.01547748455315 17.09796449259652 0.03188252730196 0.44885748281968 0.07094092789111 0.24727523326449 0.01103971638743 3.52013599197002 22.40000153855841 0.44512769639729 0.07094092789111 0.14423274334825 0.01103971638743 165.39526396621204 22.40000153855841 0.10915172953375 0.07094092789111 0.07740758119181 0.01103971638743 165.43678655368271 22.40000153855841 0.10428788197817 0.07094092789111 0.04576748654657 0.01103971638743 147.31191452792473 22.40000153855841 46.50358795562643 5.96607745263615 3.43101000785828 3.18139410018921 0.64522463083267 3.19053101539612    S
   5   14 -287.80626999536327 0.01832084502304 44.94709608334527 0.01180202563404 107.54301172605126 4.63031665786497 65.57683563747364 2.75671505863941 -287.80626999536327 0.01832084502304 44.94709608334527 0.01180202563404 0.69229238801056 0.04194885473576 0.22841819338674 0.00641268908881 38.86811458321904 53.91027268205966 0.56778239783074 0.04194885473576 0.16725896974717 0.00641268908881 167.26995941603855 53.91027268205966 0.44224690584709 0.04194885473576 0.13789085165380 0.00641268908881 40.24241388496041 53.91027268205966 0.36654107063147 0.04194885473576 0.10014455844536 0.00641268908881 168.64425871777991 53.91027268205966 152.36063617757017 6.86456504128794 3.27657938003540 5.35939979553223 1.09624767303467 5.40615701675415    S
   6   20 -310.04302400854380 0.00444941312545 41.53565984818517 0.00517291838930 164.91802556406449 4.69980978526333 136.27491760057970 2.47236884577724 -310.04302400854380 0.00444941312545 41.53565984818517 0.00517291838930 0.48245349166280 0.01418727789396 0.18763777491918 0.00207639304112 22.13665970441630 37.02884775270807 0.46561103297349 0.01418727789396 0.15051110335914 0.00207639304112 166.08770343979592 37.02884775270807 0.17616881593164 0.01418727789396 0.08626669442721 0.00207639304112 20.85526016678486 37.02884775270807 0.16928978836442 0.01418727789396 0.06940510510849 0.00207639304112 164.80630390216447 37.02884775270807 245.66024633638867 8.46202811887041 2.97405743598938 2.35538291931152 10.94248294830322 9.98132610321045    S
   7   22 -321.39167014061155 0.01152095006012 31.56594962088970 0.02134236404696 31.19131853101385 4.07480638903491 29.08738575886555 2.04993764715502 -321.39167014061155 0.01152095006012 31.56594962088970 0.02134236404696 0.42503602237449 0.05188381390631 0.18578290922527 0.00764568414992 10.85905035563687 28.01654717146316 0.42479680731511 0.05188381390631 0.14617981325294 0.00764568414992 166.70760292574488 28.01654717146316 0.00000000000000 0.05188381390631 0.00000000000000 0.00764568414992 0.00000000000000 28.01654717146316 0.00000000000000 0.05188381390631 0.00000000000000 0.00764568414992 0.00000000000000 28.01654717146316 36.51662978331936 4.22852232340864 2.47196292877197 2.22238850593567 0.24917753040791 2.21953582763672    S
   8   28 -292.47334147862210 0.03826021448855 55.12542953863078 0.03044722467583 45.90547652503680 4.02071850710876 17.36437210853324 3.03193754106418 -292.47334147862210 0.03826021448855 55.12542953863078 0.03044722467583 0.48599340336601 0.08047284647881 0.41857493999543 0.07880410635190 0.56460201633527 113.45478509018164 0.41851862451736 0.08047284647881 0.36578865384231 0.07880410635190 34.85525622437763 113.45478509018164 0.00000000000000 0.08047284647881 0.00000000000000 0.07880410635190 0.00000000000000 113.45478509018164 0.00000000000000 0.08047284647881 0.00000000000000 0.07880410635190 0.00000000000000 113.45478509018164 41.14437109194435 3.84959591382633 2.82782340049744 7.14772129058838 0.17930209636688 7.14654731750488    S
   9   29 -286.47706050231324 0.04558789564264 57.97046454363137 0.02544036576068 18.88486345543195 4.38036065771485 13.77248370069491 2.69900662987391 -286.47706050231324 0.04558789564264 57.97046454363137 0.02544036576068 0.39656199863416 0.09904037907724 0.27890604864820 0.04288309837251 79.89750896354772 79.96955091294519 0.37527494873771 0.09904037907724 0.21158828147812 0.04288309837251 18.18894138628758 79.96955091294519 0.00000000000000 0.09904037907724 0.00000000000000 0.04288309837251 0.00000000000000 79.96955091294519 0.00000000000000 0.09904037907724 0.00000000000000 0.04288309837251 0.00000000000000 79.96955091294519 36.87051022782831 3.94971370781397 2.69630002975464 6.94699048995972 0.18371319770813 6.94828414916992    S
  10   30 -236.59573022336298 0.06034063671237 48.19822746588608 0.01117859837283 53.39648477616674 8.16232965210501 50.85694421740837 4.07096356690460 -236.59573022336298 0.06034063671237 48.19822746588608 0.01117859837283 1.17674053224073 0.13606436589191 0.19884513368673 0.01370519222778 73.26659795448623 91.42649756700868 0.41867509453323 0.13606436589191 0.14521948160305 0.01370519222778 166.23408406550863 91.42649756700868 0.00000000000000 0.13606436589191 0.00000000000000 0.01370519222778 0.00000000000000 91.42649756700868 0.00000000000000 0.13606436589191 0.00000000000000 0.01370519222778 0.00000000000000 91.42649756700868 53.40265371810811 8.55355751860298 4.91903448104858 1.10276842117310 0.82807534933090 1.11946451663971    S
  11   34 -296.82464875317112 0.04062364746988 58.24923201906135 0.03614747404954 54.91606558491215 3.61005063903757 16.10756085480012 2.86473017697037 -296.82464875317112 0.04062364746988 58.24923201906135 0.03614747404954 0.56993814438464 0.09034851355879 0.44806274447968 0.08805426352932 147.49373027888606 107.59096516619603 0.47951244110168 0.09034851355879 0.41172700981869 0.08805426352932 92.88430662854398 107.59096516619603 0.00000000000000 0.09034851355879 0.00000000000000 0.08805426352932 0.00000000000000 107.59096516619603 0.00000000000000 0.09034851355879 0.00000000000000 0.08805426352932 0.00000000000000 107.59096516619603 41.35600223617119 3.75593582382718 2.75902295112610 7.38776636123657 0.44053116440773 7.39049530029297    S
  12   37 -308.15218754530883 0.01834279615152 55.35213732777824 0.01590492518036 90.44113046876193 4.89121129260043 45.69816634076412 3.30250305168542 -308.15218754530883 0.01834279615152 55.35213732777824 0.01590492518036 0.56347018576045 0.05220314143528 0.24591779480975 0.01376789114314 33.41272605416358 50.19796565017430 0.52080082996126 0.05220314143528 0.22005697765057 0.01376789114314 168.51400816521300 50.19796565017430 0.30724086956185 0.05220314143528 0.19572174956080 0.01376789114314 40.47866487470273 50.19796565017430 0.29012800850978 0.05220314143528 0.17179403766650 0.01376789114314 175.57994698575214 50.19796565017430 158.95103325184633 8.07762949589167 3.42578768730164 6.96574831008911 5.85483646392822 8.05533790588379    S
  13   40 -335.88756046545939 0.00423144554850 20.94379536917793 0.01388571574280 58.57356530658401 4.23638751165711 55.47834981842514 2.06639185754378 -335.88756046545939 0.00423144554850 20.94379536917793 0.01388571574280 0.47272386097747 0.03284350633769 0.17063459620872 0.00343414212176 179.47527693477113 14.23709018576973 0.43824206517999 0.03284350633769 0.13950946306182 0.00343414212176 167.15982016651071 14.23709018576973 0.09297350904800 0.03284350633769 0.00000000000000 0.00343414212176 32.53072035928128 14.23709018576973 0.07534069810514 0.03284350633769 0.00000000000000 0.00343414212176 20.21526359102086 14.23709018576973 81.09125126540351 5.62997499507238 2.57526755332947 3.57443070411682 0.90007156133652 3.67913222312927    S
  14   41 -291.05794809655094 0.04048158582201 61.69586843343836 0.02780508321278 32.80702800270617 3.98098783548865 16.23372607772010 2.77864017353623 -291.05794809655094 0.04048158582201 61.69586843343836 0.02780508321278 0.56706189789445 0.09668731873185 0.26795659921617 0.04658528323954 29.17689766211680 78.60336698576305 0.44604640388541 0.09668731873185 0.26236641249857 0.04658528323954 148.33097619322939 78.60336698576305 0.00000000000000 0.09668731873185 0.00000000000000 0.04658528323954 0.00000000000000 78.60336698576305 0.00000000000000 0.09668731873185 0.00000000000000 0.04658528323954 0.00000000000000 78.60336698576305 31.33722110734032 3.44282864337334 2.67365193367004 7.10663461685181 0.24779707193375 7.10895156860352    S
  15   46 -335.57281351484897 0.00445854879007 33.17819090735728 0.01093733002074 74.24100897391905 4.33676424399886 66.12313101811679 2.18773520676442 -335.57281351484897 0.00445854879007 33.17819090735728 0.01093733002074 0.45650737845176 0.02672145035023 0.16325646832558 0.00306739608983 3.10917749022738 18.96903269757531 0.45123937999496 0.02672145035023 0.14408642481788 0.00306739608983 165.87816338121303 18.96903269757531 0.12550374296925 0.02672145035023 0.06051263639838 0.00306739608983 177.88904850069017 18.96903269757531 0.12482882680593 0.02672145035023 0.05314616328446 0.00306739608983 160.65803439167581 18.96903269757531 94.86831433219875 5.98975396931410 2.68557834625244 1.49216711521149 1.74709391593933 1.77468001842499    S
  16   49 -341.97209497248883 0.00924339414192 14.78230250994486 0.03697031742573 21.05025528899885 3.90792668156718 20.96596049337283 1.80962148607947 -341.97209497248883 0.00924339414192 14.78230250994486 0.03697031742573 0.51608882855243 0.08928341397410 0.15895915336820 0.00678751746829 173.55494335331215 11.73253148924836 0.44396092559321 0.08928341397410 0.13095963603950 0.00678751746829 165.98742958551054 11.73253148924836 0.10762005166843 0.08928341397410 0.00000000000000 0.00678751746829 168.66013898883332 11.73253148924836 0.09501758804958 0.08928341397410 0.00000000000000 0.00678751746829 161.09262522103168 11.73253148924836 35.37140519105262 4.15737464586430 2.35319614410400 3.71591973304749 0.34875193238258 3.71437048912048    S
  17   52 -342.77749349272710 0.00270472450921 13.37620978793320 0.01050212580651 90.22478709133225 3.72975690277792 75.11899639697916 1.97621068889373 -342.77749349272710 0.00270472450921 13.37620978793320 0.01050212580651 0.53698334749442 0.02516169430203 0.18687474907067 0.00273624937315 172.27657747362352 8.22379204025274 0.45409938006187 0.02516169430203 0.15316685090605 0.00273624937315 165.51448169578669 8.22379204025274 0.15210005263762 0.02516169430203 0.09236848935852 0.00273624937315 162.41583756773602 8.22379204025274 0.13592734571759 0.02516169430203 0.07224238834501 0.00273624937315 155.65374178989919 8.22379204025274 123.58374173827158 5.32735826371868 2.34308433532715 3.71901488304138 2.29201388359070 3.89513158798218    S
  18   53 -320.50230788305754 0.01669158708682 59.22644863115093 0.01875887710133 52.51876288149877 5.32265371058553 41.03485446059430 2.86510481357106 -320.50230788305754 0.01669158708682 59.22644863115093 0.01875887710133 0.51347652740712 0.05777040427980 0.16086852489003 0.00696069047044 22.19200476766096 41.33075606904740 0.48354505754368 0.05777040427980 0.15327250132731 0.00696069047044 164.63532934652699 41.33075606904740 0.23134302684490 0.05777040427980 0.07300144279086 0.00696069047044 15.42392352234052 41.33075606904740 0.21536265173148 0.05777040427980 0.07039946999660 0.00696069047044 157.86724810120654 41.33075606904740 92.25715308820402 7.43414399796280 3.43577170372009 6.56286430358887 1.26898384094238 6.63057518005371    S
  19   57 -343.14975895915649 0.01006977290870 32.38514163903862 0.02642856557471 44.59126538121830 3.91033219648743 30.91753325064892 2.20712818619319 -343.14975895915649 0.01006977290870 32.38514163903862 0.02642856557471 0.53625776895332 0.06547322123332 0.17377736261692 0.00726963176739 175.73620066967823 16.61235222093304 0.52493695746313 0.06547322123332 0.15910265023230 0.00726963176739 162.98829318619738 16.61235222093304 0.30212506402204 0.06547322123332 0.08372849208263 0.00726963176739 168.98739375546316 16.61235222093304 0.29852746301127 0.06547322123332 0.07604400862796 0.00726963176739 156.23948627198232 16.61235222093304 51.31838847824685 5.21448768130964 2.63994932174683 1.24014854431152 0.82228946685791 1.26958060264587    S
  20   67 -349.77979555616508 0.00749986097211 10.08653036222048 0.02861560369975 29.67233636284146 3.35291542747593 24.91573980571188 1.78366103954227 -349.77979555616508 0.00749986097211 10.08653036222048 0.02861560369975 0.55736349718314 0.07063952364628 0.18288582002278 0.00715520506362 166.65069945241240 7.82170631167106 0.44490452293478 0.07063952364628 0.15500679593092 0.00715520506362 162.89359156508158 7.82170631167106 0.13800307635914 0.07063952364628 0.00000000000000 0.00715520506362 128.35078373500852 7.82170631167106 0.13521521923187 0.07063952364628 0.00000000000000 0.00715520506362 124.59367584767770 7.82170631167106 47.45394568120275 3.92289849440557 2.09348464012146 3.16859078407288 0.86392658948898 3.16464090347290    S
  21   75 -299.23650537420582 0.04521083027812 74.94041963398729 0.02389619173083 27.33359915403162 4.56094170466102 19.89493877879447 2.54637796618745 -299.23650537420582 0.04521083027812 74.94041963398729 0.02389619173083 0.59966989501413 0.11958954348518 0.15982576019659 0.01330632000845 42.42672217637391 69.38443997058327 0.49879582674264 0.11958954348518 0.15950378985641 0.01330632000845 160.12864541674344 69.38443997058327 0.31192771441420 0.11958954348518 0.02012857839666 0.01330632000845 26.19415984556503 69.38443997058327 0.26051628484987 0.11958954348518 0.01997187725331 0.01330632000845 143.89608308593455 69.38443997058327 47.07898487207857 5.39356622609597 3.00630450248718 4.80148744583130 1.67714989185333 5.22923755645752    S
  22   85 -349.20527892823503 0.00402345316896 52.08346253342468 0.01090314680494 87.67333169433435 6.23054632522321 83.34004903767006 3.06727215361457 -349.20527892823503 0.00402345316896 52.08346253342468 0.01090314680494 0.42998356437082 0.02713913370366 0.14387894574830 0.00308767428950 178.29177819567417 14.84710543907222 0.42934247272243 0.02713913370366 0.14188925527849 0.00308767428950 165.39395706590028 14.84710543907222 0.00000000000000 0.02713913370366 0.00000000000000 0.00308767428950 0.00000000000000 14.84710543907222 0.00000000000000 0.02713913370366 0.00000000000000 0.00308767428950 0.00000000000000 14.84710543907222 88.20554391914045 8.32884249708666 3.77149534225464 1.19625508785248 2.71658039093018 1.38681423664093    S
  23   87 -244.34688792815444 0.02344071840058 80.41668635560005 0.00903971716577 25.71460841793972 3.90014575435373 26.01869113688155 1.93806129476894 -244.34688792815444 0.02344071840058 80.41668635560005 0.00903971716577 0.52963906739187 0.06283640139933 0.14778036744757 0.00701280877217 98.30083641778640 114.33371442054086 0.38727981244496 0.06283640139933 0.14777780577164 0.00701280877217 168.31932580183826 114.33371442054086 0.00000000000000 0.06283640139933 0.00000000000000 0.00701280877217 0.00000000000000 114.33371442054086 0.00000000000000 0.06283640139933 0.00000000000000 0.00701280877217 0.00000000000000 114.33371442054086 32.14495745616224 3.93214818694487 2.29870462417603 2.21169734001160 0.29910776019096 2.22097730636597    S
  24   91 -350.95990925467407 0.00951368780558 58.94215573765370 0.02474224195704 46.03170440780271 6.25434215095672 38.04078554870230 3.39864689351548 -350.95990925467407 0.00951368780558 58.94215573765370 0.02474224195704 0.44131515938825 0.06180555871991 0.16142240699745 0.00920038080166 177.31370149686126 17.90073251756603 0.43605132787460 0.06180555871991 0.16069766610132 0.00920038080166 164.72648586363630 17.90073251756603 0.10328046977823 0.06180555871991 0.00000000000000 0.00920038080166 116.22047431966303 17.90073251756603 0.10200616999077 0.06180555871991 0.00000000000000 0.00920038080166 103.63325868643808 17.90073251756603 58.38001296317525 6.77925669976275 3.89865827560425 4.16328334808350 1.05184125900269 4.19425058364868    S
  25   94 -346.02377890168373 0.00668778954847 68.37280088556237 0.01508899827800 55.09266550148484 4.52826835723373 45.54393142129298 2.45493927364314 -346.02377890168373 0.00668778954847 68.37280088556237 0.01508899827800 0.46072220845019 0.03898521852927 0.16014242751504 0.00550273144133 4.50338009711015 21.92284675706234 0.43799902519186 0.03898521852927 0.15992992284537 0.00550273144133 165.76323693324366 21.92284675706234 0.09179026568494 0.03898521852927 0.05907467523622 0.00550273144133 112.80155003219393 21.92284675706234 0.09075618216458 0.03898521852927 0.05668259422278 0.00550273144133 94.06140686832742 21.92284675706234 86.00394064297126 5.51037796160620 2.82528996467590 5.33271455764771 1.02782654762268 5.35014533996582    S
  26  101 -353.68291568866573 0.00106392537680 64.15275402625026 0.00310227248721 329.01788959830668 4.78218044187377 251.30796224481074 2.69729702962305 -353.68291568866573 0.00106392537680 64.15275402625026 0.00310227248721 0.46412864662663 0.00766948124564 0.16769339693788 0.00116922510459 177.28749970440998 11.58702101904013 0.45246074615045 0.00766948124564 0.16756062047853 0.00116922510459 166.35281921923922 11.58702101904013 0.13204507821674 0.00766948124564 0.10132888591806 0.00116922510459 179.59508526861282 11.58702101904013 0.12877575304861 0.00766948124564 0.10120755192921 0.00116922510459 168.66040478344206 11.58702101904013 391.15131497420197 7.72577191171504 3.04497575759888 4.93673372268677 1.82002961635590 4.79026556015015    S
  27  102 -0.35741612557166 0.00905812351200 44.10533158848904 0.02859647190766 22.79539637571633 4.41654839359756 18.91352066066491 2.56372279501394 -0.35741612557166 0.00905812351200 44.10533158848904 0.02859647190766 0.37184426878344 0.06808140997370 0.19015287749022 0.01908218054322 11.32607984950335 14.80906062335539 0.36743688992317 0.06808140997370 0.18994664067831 0.01908218054322 7.61828628337651 14.80906062335539 0.00000000000000 0.06808140997370 0.00000000000000 0.01908218054322 0.00000000000000 14.80906062335539 0.00000000000000 0.06808140997370 0.00000000000000 0.01908218054322 0.00000000000000 14.80906062335539 13.00691388320617 3.81655065073813 2.66670703887939 -1.20899522304535 0.15875697135925 -1.20607328414917    S
  28  109 -324.60123920350514 0.00788221555470 86.31533280314825 0.00744207394644 70.07311616351360 4.17289775711088 65.96551396883648 2.07880204001697 -324.60123920350514 0.00788221555470 86.31533280314825 0.00744207394644 0.51540568739385 0.02762977789259 0.14549336477597 0.00269019445425 30.53798296630907 47.50762566059616 0.42646832383714 0.02762977789259 0.14424052843652 0.00269019445425 164.73243159087963 47.50762566059616 0.00000000000000 0.02762977789259 0.00000000000000 0.00269019445425 0.00000000000000 47.50762566059616 0.00000000000000 0.02762977789259 0.00000000000000 0.00269019445425 0.00000000000000 47.50762566059616 81.04547692947395 5.41327782812822 2.52828097343445 2.48861050605774 0.90420246124268 2.49787402153015    S
  29  116 -5.38105238898607 0.00256212726866 26.99740612647122 0.00902134220176 102.11295061225212 3.85801239895650 80.76891764159861 2.08572585235147 -5.38105238898607 0.00256212726866 26.99740612647122 0.00902134220176 0.51795348716538 0.02210596797501 0.15703708385508 0.00244963889340 163.93708429271993 1.55537593231171 0.47060820000611 0.02210596797501 0.15556671312260 0.00244963889340 163.81411200047944 1.55537593231171 0.20368450714865 0.02210596797501 0.06719307924756 0.00244963889340 150.01273962139766 1.55537593231171 0.18825910975574 0.02210596797501 0.06527221872515 0.00244963889340 149.88976732915719 1.55537593231171 121.76105518828018 6.49264831631438 2.46721291542053 1.10458445549011 1.23353993892670 1.26280260086060    S
  30  119 -7.16747971487672 0.03161793719795 58.73127826739977 0.07522661248552 49.88277117555803 4.84243871348929 14.79369129958069 3.80847523197219 -7.16747971487672 0.03161793719795 58.73127826739977 0.07522661248552 0.59970890790770 0.17756503955497 0.32748395477842 0.07330310136330 3.20438473572163 24.63023738035089 0.59625343428750 0.17756503955497 0.32747845305197 0.07330310136330 4.53090597457941 24.63023738035089 0.45370908451692 0.17756503955497 0.23052031551047 0.07330310136330 24.35525903738786 24.63023738035089 0.45134235595091 0.17756503955497 0.23038933924163 0.07330310136330 25.68178027624563 24.63023738035089 48.76490206407207 6.76225914718077 3.82763719558716 3.92431116104126 1.35417497158051 7.63309478759766    S
  31  122 -8.60777588754219 0.00890786423576 58.54563127165512 0.02971963114567 42.34128204731483 5.92330447438682 39.81456293263005 2.54026852958408 -8.60777588754219 0.00890786423576 58.54563127165512 0.02971963114567 0.53908067072208 0.07302505632842 0.11489970736056 0.00345278887729 161.05449926484050 179.99589101674530 0.53680031905736 0.07302505632842 0.11472257582864 0.00345278887729 163.61337283624158 179.99589101674530 0.31896160763480 0.07302505632842 0.00000000000000 0.00345278887729 156.80377449853205 179.99589101674530 0.31773726673517 0.07302505632842 0.00000000000000 0.00345278887729 159.36264806993313 179.99589101674530 261.13262673517386 13.14233063101929 3.76384139060974 3.93365764617920 5.91774177551270 15.12489318847656    C
  32  122 -9.25310756736442 0.00978610953374 58.97215215857813 0.04717860580863 28.98555573577362 5.84802019060874 28.58153020394867 2.19241874876679 -9.25310756736442 0.00978610953374 58.97215215857813 0.04717860580863 0.60156392333149 0.11348659405651 0.09828791239085 0.00306553844016 165.59426222835589 179.47111940370056 0.59837083119376 0.11348659405651 0.09814435919576 0.00306553844016 168.72303751332458 179.47111940370056 0.00000000000000 0.11348659405651 0.00000000000000 0.00306553844016 0.00000000000000 179.47111940370056 0.00000000000000 0.11348659405651 0.00000000000000 0.00306553844016 0.00000000000000 179.47111940370056 261.13262673517386 13.14233063101929 3.76384139060974 3.93365764617920 5.91774177551270 15.12489318847656    C
  33  127 -9.88066093886869 0.00968731567544 59.18470211078951 0.06526097122913 53.29167207462339 4.22507199585228 25.85061618881491 2.48883610462831 -9.88066093886869 0.00968731567544 59.18470211078951 0.06526097122913 0.84916537865322 0.15530434615922 0.14163394343452 0.00717824319350 169.11742121380942 0.55002762982664 0.84403339187785 0.15530434615922 0.14143875410931 0.00717824319350 172.79667765829845 0.55002762982664 0.73061126578436 0.15530434615922 0.00000000000000 0.00717824319350 171.20796693702741 0.55002762982664 0.72605041774876 0.15530434615922 0.00000000000000 0.00717824319350 174.88722338151643 0.55002762982664 71.61529696694458 7.86721956625371 3.71412301063538 3.97704243659973 4.03699970245361 6.10646915435791    S
  34  133 -160.85537570541342 0.02772008260786 82.26104683737283 0.04313600018786 31.17668793456821 3.13304306735476 14.17819146753717 2.23064809816188 -160.85537570541342 0.02772008260786 82.26104683737283 0.04313600018786 0.65168340302645 0.12580024418493 0.28022694144960 0.03540229720844 18.44242308174154 48.58420779187750 0.47797455493095 0.12580024418493 0.26640597744791 0.03540229720844 165.22274553059333 48.58420779187750 0.27830415978201 0.12580024418493 0.23335229536628 0.03540229720844 31.44442383719070 48.58420779187750 0.23196828898153 0.12580024418493 0.19912661220180 0.03540229720844 88.22474628604247 48.58420779187750 24.84343889817027 3.10167472775539 2.16720771789551 1.74752116203308 0.27701547741890 1.75166177749634    S
  35  137 -14.52322659336951 0.02842717717002 58.86552785322587 0.04465446453572 194.85233308164052 3.44788355785923 25.49608815512986 3.06726501118321 -14.52322659336951 0.02842717717002 58.86552785322587 0.04465446453572 0.86347705018947 0.11024661951952 0.51755918803517 0.05866759965256 11.18530049967191 6.81031365703561 0.85575687056254 0.11024661951952 0.51715564201369 0.05866759965256 18.83774201320801 6.81031365703561 0.78741586060950 0.11024661951952 0.43088579876225 0.05866759965256 21.91206922814042 6.81031365703561 0.77985368240488 0.11024661951952 0.43084439002928 0.05866759965256 29.56451074167652 6.81031365703561 155.86151263537812 8.59271566586339 3.67663359642029 3.89386796951294 2.66694664955139 3.89712452888489    S
  36  139 -10.85155726264520 0.00338865705802 4.10676088672708 0.02213916696395 45.16009511927937 4.39528947443752 44.69328871531039 2.10060559778124 -10.85155726264520 0.00338865705802 4.10676088672708 0.02213916696395 0.64503595378866 0.05298515802975 0.13781861862907 0.00373232380019 167.88967103912208 1.84493115835853 0.42632801313202 0.05298515802975 0.13724870909937 0.00373232380019 168.46185337549406 1.84493115835853 0.00000000000000 0.05298515802975 0.00000000000000 0.00373232380019 0.00000000000000 1.84493115835853 0.00000000000000 0.05298515802975 0.00000000000000 0.00373232380019 0.00000000000000 1.84493115835853 60.14598910556293 4.65403230706787 2.63431882858276 3.15386438369751 0.81822949647903 3.17631268501282    S
  37  145 -43.92612991617798 0.00760828017341 76.55149124897220 0.00872920222936 66.73262173859212 3.99672595455309 58.71107715557012 2.07226802728400 -43.92612991617798 0.00760828017341 76.55149124897220 0.00872920222936 0.47994560406991 0.02855843417777 0.15610007217277 0.00325596397724 128.27169999799770 143.07449693493317 0.43685661178187 0.02855843417777 0.15066723889190 0.00325596397724 167.16388571879600 143.07449693493317 0.09046661515648 0.02855843417777 0.03110970190553 0.00325596397724 4.01518587271269 143.07449693493317 0.08155628133098 0.02855843417777 0.03036056499600 0.00325596397724 42.90737159351099 143.07449693493317 83.73943560669908 4.80732141472008 2.46481752395630 2.54736518859863 2.04552173614502 2.91853237152100    S
  38  146 -119.58541247738481 0.04243462150414 80.23155936073519 0.01448328595316 14.38461137477298 3.63664302008371 12.45227473785408 2.08108108163082 -119.58541247738481 0.04243462150414 80.23155936073519 0.01448328595316 0.46560660593466 0.10876590986772 0.19821818512996 0.02316935452113 67.31611261090796 90.35498136340527 0.35726785268688 0.10876590986772 0.18723847829854 0.02316935452113 170.78424202638655 90.35498136340527 0.00000000000000 0.10876590986772 0.00000000000000 0.02316935452113 0.00000000000000 90.35498136340527 0.00000000000000 0.10876590986772 0.00000000000000 0.02316935452113 0.00000000000000 90.35498136340527 15.17003552230309 2.88267027087558 2.17556786537170 1.99043273925781 0.03662847727537 1.99036312103271    S
  39  148 -139.28942791676312 0.04330117901704 77.02062264501289 0.03306655523749 23.65255954281126 3.50292691441822 13.28930763226844 2.34198614628761 -139.28942791676312 0.04330117901704 77.02062264501289 0.03306655523749 0.56422939465976 0.14103297208114 0.28815137697330 0.03339596501569 32.93323472153031 76.66496360542641 0.43612026069363 0.14103297208114 0.23632470803259 0.03339596501569 152.44622788089794 76.66496360542641 0.00000000000000 0.14103297208114 0.00000000000000 0.03339596501569 0.00000000000000 76.66496360542641 0.00000000000000 0.14103297208114 0.00000000000000 0.03339596501569 0.00000000000000 76.66496360542641 14.35129910465377 2.96027202730690 2.29890537261963 1.93065738677979 0.12307913601398 1.92946887016296    S
  40  150 -79.45709508126667 0.00832125232403 79.79958669070587 0.00293128699722 89.95529383517905 3.95320938039200 84.66968719343994 1.94835836112689 -79.45709508126667 0.00832125232403 79.79958669070587 0.00293128699722 0.51075558473889 0.02096701609044 0.15080721545581 0.00192460395973 95.24831400878885 110.17055076425002 0.43447761364283 0.02096701609044 0.14160251610343 0.00192460395973 166.28720039650102 110.17055076425002 0.05067923638628 0.02096701609044 0.02909713109904 0.00192460395973 3.11098647592149 110.17055076425002 0.04722879198888 0.02096701609044 0.02490753559516 0.00192460395973 74.14987286363366 110.17055076425002 95.62057556730502 5.46311231515500 2.40279173851013 2.30060982704163 1.65109109878540 2.46694707870483    S
  41  151 -18.53869741746522 0.00163411091836 39.68299398539092 0.00542027457194 144.58509014012807 4.34375315536207 126.59761934179404 2.25737949528188 -18.53869741746522 0.00163411091836 39.68299398539092 0.00542027457194 0.45168961609984 0.01316816238443 0.15215308928878 0.00165982195625 158.21001633192901 172.54850111190282 0.43798583817505 0.01316816238443 0.15100019442463 0.00165982195625 166.65593872698184 172.54850111190282 0.07519690321110 0.01316816238443 0.05696969824646 0.00165982195625 37.68456749791221 172.54850111190282 0.07517969359839 0.01316816238443 0.05485928934280 0.00165982195625 46.13048989296502 172.54850111190282 137.60239257023235 6.32533729666051 2.68262648582458 -0.23885664343834 2.32565951347351 0.08220247179270    S
  42  158 -17.52019250329705 0.03178260957319 11.73607725116010 0.09363468678613 63.84320719400239 2.20208020607656 10.38660414151988 1.90858348362497 -17.52019250329705 0.03178260957319 11.73607725116010 0.09363468678613 1.07896654653296 0.20584960701931 0.45250387847369 0.08174424267238 179.69518966202406 15.45916489321160 0.82462064100028 0.20584960701931 0.43164480472646 0.08174424267238 2.89613442888412 15.45916489321160 0.91442283370172 0.20584960701931 0.41807752086001 0.08174424267238 7.14115378572863 15.45916489321160 0.71547464305319 0.20584960701931 0.38528087022006 0.08174424267238 10.34209855258871 15.45916489321160 65.01182066051373 4.90735892553532 2.17901444435120 2.97359704971313 2.07240080833435 3.96951079368591    S
  43  159 -22.17406552550011 0.02489672157628 39.33369207378900 0.04781202621155 47.38507185714872 3.81056468711805 16.43164363520873 2.89741314336552 -22.17406552550011 0.02489672157628 39.33369207378900 0.04781202621155 0.55977109986339 0.11589031081998 0.31301461113651 0.04700896342284 6.28923570033200 6.51291607296517 0.55455575250890 0.11589031081998 0.30113062457972 0.04700896342284 17.03150004548684 6.51291607296517 0.44403143049645 0.11589031081998 0.00000000000000 0.04700896342284 30.20049118653419 6.51291607296517 0.44400512258003 0.11589031081998 0.00000000000000 0.04700896342284 40.94275553168903 6.51291607296517 26.29963309954728 4.82258798393226 2.86744499206543 0.20130996406078 0.27405557036400 0.20268802344799    S
  44  166 -40.47799379544006 0.00858563264328 60.82827094347859 0.01251381630493 80.12073126827478 5.49593361241666 67.13780051529619 2.81905037206065 -40.47799379544006 0.00858563264328 60.82827094347859 0.01251381630493 0.48246008609366 0.03580399648913 0.15306028473776 0.00364031182225 133.76313559452149 152.17347130039244 0.47817914308369 0.03580399648913 0.14451960613022 0.00364031182225 163.74777082234959 152.17347130039244 0.20601161017895 0.03580399648913 0.03868511479856 0.00364031182225 123.04575004098709 152.17347130039244 0.20555235768300 0.03580399648913 0.03630857317240 0.00364031182225 153.03038526881519 152.17347130039244 105.49443142186493 7.55375684647134 3.49105191230774 3.63191437721252 3.27245211601257 3.75534915924072    S
  45  170 -38.76167445046916 0.03621876360123 51.97642389746910 0.05154048965168 156.47387690411679 4.36301614106275 25.11035907120873 3.79000738983309 -38.76167445046916 0.03621876360123 51.97642389746910 0.05154048965168 0.79997035675509 0.13279405621529 0.48037707860215 0.06600622789093 149.92901101501877 170.92731522365386 0.79916979876562 0.13279405621529 0.45153296300692 0.06600622789093 175.55872417746536 170.92731522365386 0.67864607576183 0.13279405621529 0.44917277388559 0.06600622789093 155.54476220152765 170.92731522365386 0.67648587269452 0.13279405621529 0.42302496709318 0.06600622789093 1.17447536397425 170.92731522365386 147.04643163720235 9.97373075084732 4.30616044998169 4.33182668685913 1.76242804527283 4.34187126159668    S
  46  172 -31.02761778715255 0.00378848247557 38.01065522459385 0.00985620741967 101.18194396597454 5.58350749994602 95.60455349480186 2.62601079499887 -31.02761778715255 0.00378848247557 38.01065522459385 0.00985620741967 0.48531758479450 0.02420176178851 0.13751570260927 0.00207840326206 150.22617871871498 165.27697631247673 0.46617536655878 0.02420176178851 0.13146638591451 0.00207840326206 166.25378864550544 165.27697631247673 0.17782817261276 0.02420176178851 0.00000000000000 0.00207840326206 150.15036178355635 165.27697631247673 0.17079619580937 0.02420176178851 0.00000000000000 0.00207840326206 166.17797171034684 165.27697631247673 108.90917664125060 7.03450796806258 3.43489480018616 1.86349964141846 2.58158826828003 2.08674860000610    S
  47  177 -40.31236628874198 0.01020755407754 49.59847609560623 0.01736318786774 80.85222362324672 7.32897160708655 65.32542866425977 3.92358448819925 -40.31236628874198 0.01020755407754 49.59847609560623 0.01736318786774 0.46579451813715 0.04609622256964 0.16572191765996 0.00604140889670 140.01143288709775 157.36823591517350 0.46506448823811 0.04609622256964 0.15411188242509 0.00604140889670 165.96295462328669 157.36823591517350 0.16829853912535 0.04609622256964 0.08242711812219 0.00604140889670 137.68574080384064 157.36823591517350 0.16786390665292 0.04609622256964 0.07672049378466 0.00604140889670 163.63726254002958 157.36823591517350 120.80647960381373 9.64439964356838 4.65546226501465 4.46685409545898 1.68921494483948 4.64312362670898    S
  48  178 -117.61165678011947 0.02262398416708 65.93785807336550 0.00468034439767 56.05825305939137 4.05405745198964 42.91436040393040 2.27876286619064 -117.61165678011947 0.02262398416708 65.93785807336550 0.00468034439767 0.62007057902633 0.05570703222347 0.21275128998759 0.00645577170289 76.91755375722772 91.51227994926171 0.45450685380538 0.05570703222347 0.16643171273229 0.00645577170289 168.60343342139691 91.51227994926171 0.23346942657128 0.05570703222347 0.07903758983987 0.00645577170289 105.26294266703832 91.51227994926171 0.14984693700159 0.05570703222347 0.07649029630533 0.00645577170289 16.94882233120751 91.51227994926171 75.83101269657968 5.29069672316050 2.58340549468994 2.73622441291809 1.22001755237579 2.84341263771057    S
  49  184 -33.95039368112128 0.00707512552346 28.25994468316898 0.01812602374036 46.71751228860679 4.69363750647332 42.17107739346933 2.39974986388833 -33.95039368112128 0.00707512552346 28.25994468316898 0.01812602374036 0.48524880562321 0.04349956429859 0.15804503452955 0.00570814186679 149.20370762840747 168.58064519510367 0.43213186766152 0.04349956429859 0.14845277521769 0.00570814186679 163.76480380024202 168.58064519510367 0.00000000000000 0.04349956429859 0.00000000000000 0.00570814186679 0.00000000000000 168.58064519510367 0.00000000000000 0.04349956429859 0.00000000000000 0.00570814186679 0.00000000000000 168.58064519510367 63.46460762417416 5.15694339346100 2.87441396713257 3.92581725120544 0.51433372497559 3.92867231369019    S
  50  186 -64.91808080110079 0.01611233738618 60.68573169937039 0.01223632477533 40.41538074286752 4.32913359918275 37.44632470813701 2.16016386710480 -64.91808080110079 0.01611233738618 60.68573169937039 0.01223632477533 0.44781221310941 0.04639080358348 0.16642897679762 0.00538182220582 115.62097791057542 134.02273134779051 0.43488606595154 0.04639080358348 0.14371483030072 0.00538182220582 164.67318560289641 134.02273134779051 0.00000000000000 0.04639080358348 0.00000000000000 0.00538182220582 0.00000000000000 134.02273134779051 0.00000000000000 0.04639080358348 0.00000000000000 0.00538182220582 0.00000000000000 134.02273134779051 53.12329870269714 5.01601847066925 2.64041495323181 3.60317444801331 0.43445524573326 3.60857629776001    S
  51  193 -39.06834518317115 0.00279250538839 25.10042285832828 0.00733530070805 104.83560554392855 4.27745205687197 98.61425584710166 2.11382754523124 -39.06834518317115 0.00279250538839 25.10042285832828 0.00733530070805 0.49916024120428 0.01728082898746 0.15897327469570 0.00210257730251 149.79933512333577 165.39959210001524 0.43287752830444 0.01728082898746 0.14221443120135 0.00210257730251 165.53311483661309 165.39959210001524 0.00000000000000 0.01728082898746 0.00000000000000 0.00210257730251 0.00000000000000 165.39959210001524 0.00000000000000 0.01728082898746 0.00000000000000 0.00210257730251 0.00000000000000 165.39959210001524 130.40500482208719 5.73858307790873 2.59856510162354 4.76820373535156 2.63581705093384 4.85043478012085    S
  52  201 -39.27921616677502 0.01470636737246 17.07775342716206 0.04058512459973 22.71677583101320 3.49523315402807 18.70210200968474 1.80716360021562 -39.27921616677502 0.01470636737246 17.07775342716206 0.04058512459973 0.62803683448112 0.09298377905158 0.16341875804882 0.01035860948824 150.42691531441361 173.08084361667423 0.48356981103578 0.09298377905158 0.14545769263876 0.01035860948824 162.32022254192088 173.08084361667423 0.30326515676766 0.09298377905158 0.00000000000000 0.01035860948824 136.42087375282222 173.08084361667423 0.22229680827064 0.09298377905158 0.00000000000000 0.01035860948824 148.31418098032950 173.08084361667423 41.84334204638036 3.94726506359186 2.23426795005798 4.90308952331543 1.36172986030579 5.44986677169800    S
  53  203 -54.64536204987348 0.01440726570318 40.33636957229228 0.00976652891568 898.96603932139033 8.80449702044610 111.49928316922721 5.35095214843750 -54.42649005582729 0.01440726570318 40.33710652249426 0.00976652891568 0.76275279666189 0.03403838351984 0.67391213232858 0.02283252743678 154.83195939513175 7.07822597257909 0.76080764905828 0.03403838351984 0.55207234114872 0.02283252743678 6.27065176721905 7.07822597257909 0.68237259089036 0.03403838351984 0.59199258037718 0.02283252743678 173.49706246115039 7.07822597257909 0.65506177062721 0.03403838351984 0.49853294794660 0.02283252743678 24.93575483323770 7.07822597257909 4386.48370923792481 57.60038059362378 5.35095214843750 5.59964132308960 4.90981483459473 24.14958572387695    M
  54  209 -59.67474579357234 0.06006507890441 39.92466615882419 0.05200249333934 72.58069437976405 7.11096339674892 21.60597335418526 5.62943973810334 -59.67474579357234 0.06006507890441 39.92466615882419 0.05200249333934 0.58091895969515 0.14016644820499 0.42751857126283 0.12027890624721 53.79230531319015 52.86503097379762 0.45505965210854 0.14016644820499 0.42748271176516 0.12027890624721 88.00105816438219 52.86503097379762 0.55123854523568 0.14016644820499 0.00000000000000 0.12027890624721 43.49832711898794 52.86503097379762 0.43401796601019 0.14016644820499 0.00000000000000 0.12027890624721 77.70707997017998 52.86503097379762 83.06242907057651 11.42842210376730 5.39537096023560 5.19547796249390 5.26719617843628 11.86575698852539    S
  55  212 -82.60896765637330 0.00532558737736 48.76121684926360 0.00321706401755 112.78205891447932 3.61016967945387 116.84577261669789 1.63082170528826 -82.60896765637330 0.00532558737736 48.76121684926360 0.00321706401755 0.45357403772328 0.01271915835284 0.18262010269642 0.00130723598722 113.76587769160875 126.75306016275960 0.43661914343254 0.01271915835284 0.12801587951496 0.00130723598722 167.67632847295283 126.75306016275960 0.00000000000000 0.01271915835284 0.00000000000000 0.00130723598722 0.00000000000000 126.75306016275960 0.00000000000000 0.01271915835284 0.00000000000000 0.00130723598722 0.00000000000000 126.75306016275960 144.14074656417347 5.19475078428347 2.14735102653503 3.68022346496582 2.85090780258179 5.42210483551025    S
  56  216 -78.98620458266895 0.02132286615140 45.59192704850217 0.01511567172331 24.72259996121672 3.82584293037293 24.31907960560901 1.95941053753295 -78.98620458266895 0.02132286615140 45.59192704850217 0.01511567172331 0.38795660364574 0.05335725880644 0.22211025277378 0.01087673313216 118.72321501273271 135.58759220075819 0.38118845158587 0.05335725880644 0.15443540661813 0.01087673313216 168.12445306176721 135.58759220075819 0.00000000000000 0.05335725880644 0.00000000000000 0.01087673313216 0.00000000000000 135.58759220075819 0.00000000000000 0.05335725880644 0.00000000000000 0.01087673313216 0.00000000000000 135.58759220075819 36.70654059139859 3.60378967699589 2.26301121711731 3.81848597526550 0.68947350978851 3.82792115211487    S
  57  217 -56.38893817528774 0.00762122204545 23.61423878756165 0.01436407775939 139.69019518357854 10.84731952952939 129.08348490630033 5.45919070227667 -56.38893817528774 0.00762122204545 23.61423878756165 0.01436407775939 0.49557651979464 0.03183070418274 0.20081423276586 0.00536133482222 143.59380250487993 159.99410234924085 0.43001732002018 0.03183070418274 0.14572997749121 0.00536133482222 165.89782081172211 159.99410234924085 0.00000000000000 0.03183070418274 0.00000000000000 0.00536133482222 0.00000000000000 159.99410234924085 0.00000000000000 0.03183070418274 0.00000000000000 0.00536133482222 0.00000000000000 159.99410234924085 175.13624073289643 13.84068106990290 6.60640430450439 6.02417278289795 2.84316468238831 6.08618259429932    S
  58  219 -112.89994718120008 0.04352373488591 39.53408040857716 0.01486573131992 56.82385201085850 6.74400646689527 49.09747971519167 3.66064790596009 -112.89994718120008 0.04352373488591 39.53408040857716 0.01486573131992 0.59813553745964 0.09240993807819 0.41103182884864 0.01694892968506 104.75080404936142 122.21644709602833 0.40894299106845 0.09240993807819 0.16388843406640 0.01694892968506 167.23515682918764 122.21644709602833 0.00000000000000 0.09240993807819 0.00000000000000 0.01694892968506 0.00000000000000 122.21644709602833 0.00000000000000 0.09240993807819 0.00000000000000 0.01694892968506 0.00000000000000 122.21644709602833 71.11742888087491 7.93277831061684 4.12047672271729 3.63188076019287 0.93396311998367 3.64421415328979    S
  59  222 -75.97330741660136 0.04635232905020 1.42765742027654 0.07476530588049 109.38572788219169 23.01653705228686 90.73073788496229 11.80923036428073 -75.97330741660136 0.04635232905020 1.42765742027654 0.07476530588049 1.07467365640633 0.13042143946334 0.57685806193570 0.04746840322798 165.72917654411657 4.34438701492593 0.48506787025197 0.13042143946334 0.14392734456041 0.04746840322798 168.01116076468867 4.34438701492593 0.39822546202510 0.13042143946334 0.19432916719377 0.04746840322798 172.27461808142863 4.34438701492593 0.21884920098962 0.13042143946334 0.04625820238361 0.04746840322798 174.55660230200073 4.34438701492593 7344.21433914286627 170.88616113714323 14.70266056060791 5.11129808425903 6.66915130615234 57.42302703857422    S
